#label at [36, 63, 6] from subject fsaverage
1951
55  34.418770  49.828773  7.749032 0.000000
56  40.985558  39.799828  -4.868263 0.000000
176  38.078106  42.922264  8.999432 0.000000
387  30.878820  49.342216  -1.606259 0.000000
388  39.082420  52.516609  -6.054626 0.000000
389  39.336842  48.922729  2.385887 0.000000
390  42.152122  37.181942  2.438195 0.000000
394  24.484161  50.340359  6.403431 0.000000
885  32.125114  50.097301  3.411817 0.000000
886  36.322334  52.363831  1.139742 0.000000
887  38.496490  51.882172  5.895411 0.000000
889  38.374287  39.931389  5.150266 0.000000
895  31.233820  47.190308  11.071814 0.000000
896  25.890802  47.596275  10.550311 0.000000
897  29.012379  46.943218  6.087454 0.000000
898  26.556757  48.513618  2.109568 0.000000
1133  40.709309  46.303482  -5.199632 0.000000
1467  36.103893  49.289898  12.377839 0.000000
1468  39.320179  49.614609  9.699710 0.000000
1469  39.083801  45.633404  13.211128 0.000000
1863  29.463329  52.763084  -6.362469 0.000000
1864  34.011696  56.273216  -8.333651 0.000000
1865  34.715111  51.331490  -4.532137 0.000000
1866  39.631710  50.446796  -1.914961 0.000000
1867  38.618984  44.202835  -1.233697 0.000000
1868  40.112068  45.956909  5.680701 0.000000
1869  39.953957  42.357166  2.353955 0.000000
1870  42.287159  39.329948  -0.692040 0.000000
1881  22.684937  53.260918  2.222515 0.000000
1882  24.353319  49.814873  -2.714770 0.000000
2805  33.422600  49.773933  5.179897 0.000000
2806  35.345131  51.370075  4.557934 0.000000
2807  36.288383  51.518299  7.057703 0.000000
2815  32.904202  48.074902  9.269132 0.000000
2816  30.250998  46.589130  8.339699 0.000000
2817  32.012062  47.843613  6.470086 0.000000
2818  30.715221  48.429714  4.463675 0.000000
3053  40.676025  43.288029  -5.045664 0.000000
3054  42.346123  44.758209  -7.271490 0.000000
3055  42.215401  41.584759  -7.301678 0.000000
3405  37.000328  49.348618  15.012999 0.000000
3406  38.510872  48.737328  13.521939 0.000000
3407  38.930485  47.576073  15.480352 0.000000
3418  34.097160  48.279335  14.050540 0.000000
4095  29.679066  50.606995  -4.181713 0.000000
4096  31.771107  52.478210  -5.479193 0.000000
4097  32.672096  50.103382  -3.041367 0.000000
4098  38.890648  51.851082  1.925134 0.000000
4099  38.356453  52.035999  -0.691707 0.000000
4100  39.492218  50.205414  0.235191 0.000000
4101  39.172680  47.581341  -1.174193 0.000000
4102  38.508583  46.770531  0.598106 0.000000
4103  38.676453  45.889332  9.328938 0.000000
4104  39.680817  47.842648  7.786623 0.000000
4105  39.139122  44.509789  7.268867 0.000000
4106  39.821739  38.418991  3.580845 0.000000
4107  39.864738  40.952892  3.998939 0.000000
4108  40.835163  39.570675  2.391472 0.000000
4109  40.504673  40.688255  0.588061 0.000000
4110  42.788200  38.406860  1.198266 0.000000
4128  25.540789  48.839069  8.384715 0.000000
4134  23.133373  51.743378  4.373308 0.000000
4135  28.836933  48.741131  0.239631 0.000000
4136  25.696423  49.058754  -0.285912 0.000000
4137  27.565796  49.073769  -2.375737 0.000000
4138  26.719736  50.304325  -4.698185 0.000000
4838  36.558220  55.056690  -7.312755 0.000000
4839  35.220055  54.680218  -9.598625 0.000000
4840  37.985325  53.223492  -8.482499 0.000000
6201  31.469585  49.721382  1.132381 0.000000
6202  33.525715  50.525444  0.028343 0.000000
6203  34.117363  51.474602  2.576249 0.000000
6204  37.505859  52.659767  3.627149 0.000000
6205  39.618534  50.843163  4.146006 0.000000
6206  36.848648  40.308887  8.619678 0.000000
6207  37.816868  41.566628  6.851974 0.000000
6208  37.302666  38.795219  6.685976 0.000000
6209  38.839287  37.403900  5.041584 0.000000
6210  41.384670  36.322346  4.182262 0.000000
6219  29.445368  46.707909  12.982542 0.000000
6220  26.856762  46.670464  12.576651 0.000000
6221  28.456516  46.389606  10.519994 0.000000
6222  27.260822  46.578491  8.176236 0.000000
6223  26.152140  47.712597  6.046348 0.000000
6224  24.945286  48.821175  4.041838 0.000000
6225  27.691320  47.806297  4.094331 0.000000
6226  29.447083  48.910492  2.553342 0.000000
6647  40.384750  49.505070  -5.278441 0.000000
6648  40.427330  50.415966  -7.699790 0.000000
6649  42.158073  47.819603  -7.457506 0.000000
7263  35.080395  49.857933  10.115342 0.000000
7264  37.258995  51.479633  9.345691 0.000000
7265  37.903076  50.181252  11.204580 0.000000
7266  38.772694  47.318939  11.373755 0.000000
7267  38.209538  44.250267  11.006561 0.000000
7268  39.177441  44.515060  14.798910 0.000000
7269  38.822655  42.891773  12.743193 0.000000
7270  37.587307  41.656898  10.718359 0.000000
7281  31.669601  47.441322  13.456383 0.000000
7282  33.593941  48.224617  11.675531 0.000000
8211  29.006763  55.511879  -7.834909 0.000000
8212  31.165970  56.771004  -8.932814 0.000000
8213  31.709240  55.134869  -7.284557 0.000000
8214  34.232208  54.525414  -6.505408 0.000000
8215  36.844177  52.841644  -5.323345 0.000000
8216  35.444065  50.742523  -1.375011 0.000000
8217  37.379169  51.082855  -2.970359 0.000000
8218  39.057240  50.964172  -3.916428 0.000000
8219  39.609413  48.305393  -3.376323 0.000000
8220  39.457962  45.215130  -3.081816 0.000000
8221  39.202858  41.948669  -3.276350 0.000000
8222  39.269428  51.266010  8.031298 0.000000
8223  40.100029  49.389526  6.149354 0.000000
8224  40.257301  47.118542  4.168219 0.000000
8225  39.215385  42.710854  5.463729 0.000000
8226  40.846191  44.014961  4.159949 0.000000
8227  39.331703  45.213188  2.591683 0.000000
8228  38.645447  43.168354  0.686660 0.000000
8229  39.274349  41.043816  -1.297273 0.000000
8230  41.142262  39.138725  -2.670231 0.000000
8261  22.813145  54.461597  -0.052030 0.000000
8262  24.117975  50.066956  2.089436 0.000000
8263  23.574451  51.161732  -0.080808 0.000000
8264  22.208462  52.014374  -2.217712 0.000000
8265  23.735527  51.330933  -4.761491 0.000000
8266  26.328064  52.842552  -6.605582 0.000000
9133  32.625420  55.448650  -10.330482 0.000000
10485  33.977688  49.755489  6.478583 0.000000
10486  34.850517  50.580826  6.173389 0.000000
10487  35.268730  50.839405  7.439826 0.000000
10495  33.651539  48.798462  8.408100 0.000000
10496  32.482738  47.764179  7.832571 0.000000
10497  33.281662  48.683949  7.028142 0.000000
10498  32.760223  48.822960  5.794070 0.000000
10733  40.490475  41.524197  -5.182056 0.000000
10734  41.312851  42.466515  -6.235368 0.000000
10735  41.440113  40.571148  -6.165729 0.000000
11086  38.226208  48.895969  15.474115 0.000000
11775  30.285162  49.819859  -2.917460 0.000000
11776  31.167690  50.372318  -3.594996 0.000000
11777  31.778683  49.772808  -2.236134 0.000000
11778  39.326698  50.619221  2.191769 0.000000
11779  39.298088  51.169456  1.056165 0.000000
11780  39.293621  49.727009  1.304453 0.000000
11781  39.055653  48.518326  0.410020 0.000000
11782  38.859062  47.969246  1.465690 0.000000
11783  38.455132  44.365978  9.105306 0.000000
11784  38.946037  45.285866  8.412249 0.000000
11785  38.566093  43.731636  8.148023 0.000000
11786  40.888577  37.715340  2.996129 0.000000
11787  40.354694  39.002556  3.001593 0.000000
11788  41.389637  38.372124  2.373836 0.000000
11789  41.722149  38.964489  1.753441 0.000000
11790  42.464718  37.747963  1.780513 0.000000
11808  25.037601  49.583794  7.403923 0.000000
11809  25.217609  50.416157  8.592959 0.000000
11810  24.717144  51.165916  7.626784 0.000000
11812  24.066050  51.964531  6.605568 0.000000
11813  23.265049  52.759926  5.530803 0.000000
11814  23.716913  50.986038  5.405012 0.000000
11815  29.943508  48.940979  -0.647346 0.000000
11816  28.222937  48.799431  -1.074494 0.000000
11817  29.367529  49.243706  -1.994170 0.000000
11818  28.685022  49.707905  -3.262634 0.000000
12518  37.909222  54.042431  -6.703485 0.000000
12519  37.468487  54.365967  -7.922128 0.000000
12520  38.855370  53.249470  -7.326261 0.000000
14175  31.572693  50.031090  2.382380 0.000000
14176  32.608742  50.573708  1.949356 0.000000
14177  33.047112  50.787437  3.046219 0.000000
14178  36.924965  51.846870  5.282859 0.000000
14179  36.337841  52.115467  4.216430 0.000000
14180  37.908775  52.169868  4.722422 0.000000
14181  38.743813  52.011292  4.012194 0.000000
14182  39.287346  51.505486  5.128825 0.000000
14184  36.926079  39.524235  7.645352 0.000000
14189  40.005322  36.769833  4.522678 0.000000
14205  30.281124  46.885960  12.053599 0.000000
14206  29.007442  46.451378  11.802309 0.000000
14207  29.897335  46.578278  10.691642 0.000000
14208  29.676413  46.675053  7.103719 0.000000
14209  28.669708  46.264290  8.157099 0.000000
14210  28.035528  46.551353  7.016220 0.000000
14211  26.641941  47.026657  7.013938 0.000000
14212  27.480011  46.993614  5.991808 0.000000
14213  26.844355  47.497581  4.982769 0.000000
14214  28.342632  47.359901  5.013430 0.000000
14215  31.432800  49.226524  3.849367 0.000000
14216  29.943857  48.687550  3.518373 0.000000
14217  30.821402  49.415981  2.987746 0.000000
14218  30.432377  49.307373  1.843087 0.000000
14918  40.604511  47.894604  -5.343298 0.000000
14919  41.344707  48.550667  -6.369625 0.000000
14920  41.551979  47.068096  -6.356895 0.000000
15975  35.543236  49.548199  11.181112 0.000000
15976  36.480515  50.375816  10.687600 0.000000
15977  36.990284  49.817852  11.758555 0.000000
15978  39.037544  47.275337  13.463864 0.000000
15979  38.818184  48.038261  12.373927 0.000000
15980  38.795769  46.448029  12.329802 0.000000
15981  38.482185  45.681751  11.230934 0.000000
15982  38.609997  44.966286  12.026425 0.000000
15989  38.214474  42.216839  11.732185 0.000000
16015  35.184551  48.819241  13.317484 0.000000
16016  33.829716  48.218849  12.869551 0.000000
16017  34.771393  48.820671  12.009754 0.000000
16018  34.352119  49.010197  10.884462 0.000000
18045  29.263805  54.020580  -7.177512 0.000000
18046  30.430624  55.259087  -7.690242 0.000000
18047  30.565449  53.935951  -6.853077 0.000000
18048  33.275211  51.981041  -5.178099 0.000000
18049  32.966305  53.561665  -6.059605 0.000000
18050  34.394135  52.972584  -5.721185 0.000000
18051  35.587246  53.718132  -6.056741 0.000000
18052  35.747322  52.167225  -5.023885 0.000000
18053  34.846962  51.525524  0.759386 0.000000
18054  34.513859  50.639721  -0.592904 0.000000
18055  35.882408  51.641663  -0.093772 0.000000
18056  39.189217  51.688713  -1.484120 0.000000
18057  37.912987  51.579273  -1.927634 0.000000
18058  38.664383  51.332863  -2.375772 0.000000
18059  38.185223  51.222466  -3.437616 0.000000
18060  39.394287  50.618366  -2.877895 0.000000
18061  39.739738  49.787682  -3.484838 0.000000
18062  39.633659  49.348896  -2.565534 0.000000
18063  38.824196  45.911491  -1.145397 0.000000
18064  39.120232  46.284496  -2.076711 0.000000
18065  38.986298  44.719135  -2.122780 0.000000
18066  39.331337  43.658520  -3.129655 0.000000
18067  38.792763  43.046074  -2.234100 0.000000
18068  38.721138  51.070457  9.665086 0.000000
18069  38.341579  51.614723  8.769020 0.000000
18070  39.534298  50.598030  8.950268 0.000000
18071  39.887554  46.861763  6.730131 0.000000
18072  40.011253  48.740898  6.961366 0.000000
18073  40.238304  47.580772  5.913026 0.000000
18074  40.353050  48.251732  5.079352 0.000000
18075  40.495369  46.526539  4.920657 0.000000
18076  37.974777  40.733356  6.007829 0.000000
18077  38.464287  42.193424  6.062611 0.000000
18078  38.722767  41.288021  5.398967 0.000000
18079  40.239826  41.645645  3.235343 0.000000
18080  40.337158  42.330666  4.116102 0.000000
18081  40.420441  43.209339  3.184258 0.000000
18082  40.290001  44.683990  3.251264 0.000000
18083  39.740135  43.718452  2.455916 0.000000
18084  38.849297  44.193329  1.701605 0.000000
18085  39.298553  42.806961  1.538739 0.000000
18086  41.246746  39.985783  -0.125888 0.000000
18087  39.816570  40.863808  -0.336017 0.000000
18088  40.515759  39.989239  -1.105138 0.000000
18089  40.069866  40.036434  -2.075102 0.000000
18090  41.584694  39.193031  -1.678462 0.000000
18143  26.281551  47.006977  11.544987 0.000000
18144  25.709270  47.373306  12.649679 0.000000
18145  25.263042  47.961555  11.657248 0.000000
18160  22.380344  54.264198  3.253000 0.000000
18162  22.412785  55.013378  2.085768 0.000000
18163  22.735312  55.724255  0.934828 0.000000
18164  22.963261  53.914772  1.060814 0.000000
18165  25.691212  48.567616  3.040578 0.000000
18166  24.469639  49.318779  3.061525 0.000000
18167  25.246319  49.048412  2.035351 0.000000
18168  24.980221  49.408169  -1.542928 0.000000
18169  24.436491  49.931396  -0.261054 0.000000
18170  23.742683  50.274033  -1.420930 0.000000
18171  22.841621  51.521667  -1.224328 0.000000
18172  23.183989  50.712273  -2.541690 0.000000
18173  22.739273  51.358986  -3.563854 0.000000
18174  23.993652  50.429295  -3.738219 0.000000
18175  28.092218  51.293629  -5.468370 0.000000
18176  26.504948  51.476917  -5.640738 0.000000
18177  27.889435  52.583366  -6.403993 0.000000
18178  27.696369  54.097271  -7.278637 0.000000
20273  32.686527  56.556011  -8.727410 0.000000
20274  31.971142  56.393532  -9.708299 0.000000
20275  33.554451  56.231575  -9.491006 0.000000
23481  32.768414  49.870148  4.223575 0.000000
23482  33.749081  50.632355  4.004075 0.000000
23483  34.314632  50.538498  4.949564 0.000000
23484  35.911583  51.306587  5.784581 0.000000
23485  37.454437  51.839447  6.464743 0.000000
23499  32.167881  47.537910  10.156103 0.000000
23500  30.830593  46.759834  9.658122 0.000000
23501  31.727686  47.200390  8.741731 0.000000
23502  31.207874  47.151817  7.383977 0.000000
23503  30.605991  47.291008  6.196662 0.000000
23504  29.960566  47.670746  5.273854 0.000000
23505  31.397289  48.108917  5.380229 0.000000
23506  32.113659  49.006634  4.651870 0.000000
23927  40.742683  44.785728  -5.011670 0.000000
23928  41.566753  45.524242  -6.206130 0.000000
23929  41.494698  44.109173  -6.103806 0.000000
23930  42.284771  43.346382  -7.218576 0.000000
24561  36.504932  49.360847  13.861036 0.000000
24562  37.494987  49.583752  13.083470 0.000000
24563  37.967628  49.224705  14.454269 0.000000
24564  38.879494  48.150066  14.600906 0.000000
24565  39.238838  46.651695  14.325027 0.000000
24586  35.575745  48.953651  14.556738 0.000000
25803  29.456951  51.549999  -5.395664 0.000000
25804  30.547983  52.716545  -5.905937 0.000000
25805  30.771957  51.501457  -4.762355 0.000000
25806  32.204140  51.117580  -4.406422 0.000000
25807  33.612255  50.567425  -3.859106 0.000000
25808  37.934155  52.572948  1.532521 0.000000
25809  37.289448  52.252594  0.209319 0.000000
25810  38.714306  52.132233  0.601062 0.000000
25811  39.367382  51.520386  -0.115375 0.000000
25812  39.646690  50.438896  -0.832957 0.000000
25813  39.585777  49.102371  -1.509060 0.000000
25814  39.354198  48.900120  -0.513356 0.000000
25815  38.828812  47.284409  -0.312627 0.000000
25816  38.432076  45.483101  -0.259219 0.000000
25817  38.979614  47.739395  9.468142 0.000000
25818  39.449089  48.785057  8.713551 0.000000
25819  39.180431  46.964928  8.549860 0.000000
25820  39.440395  46.119102  7.612241 0.000000
25821  39.705837  45.313908  6.564614 0.000000
25822  38.989841  39.143677  4.276662 0.000000
25823  39.137207  40.480812  4.637252 0.000000
25824  39.654381  39.695972  3.717227 0.000000
25825  40.194218  40.216801  3.158025 0.000000
25826  40.325855  40.860256  2.380221 0.000000
25827  39.977371  41.479080  1.447849 0.000000
25828  40.896336  40.216988  1.592690 0.000000
25829  41.771339  39.606251  0.857166 0.000000
25830  42.860085  39.044685  0.317774 0.000000
25862  25.788132  48.215137  9.485712 0.000000
25863  25.123974  48.756756  10.712030 0.000000
25864  25.344639  49.600269  9.654993 0.000000
25873  22.704165  53.553215  4.384148 0.000000
25874  22.786213  52.478382  3.246140 0.000000
25875  27.662991  48.558144  1.103828 0.000000
25876  26.208927  48.835938  0.929867 0.000000
25877  27.167664  48.640629  -0.152247 0.000000
25878  26.501720  48.879524  -1.393736 0.000000
25879  25.831127  49.296318  -2.666745 0.000000
25880  25.361652  49.751831  -3.829698 0.000000
25881  26.946314  49.573643  -3.612691 0.000000
25882  28.233114  50.269291  -4.445271 0.000000
27140  35.263222  55.842033  -7.926232 0.000000
27141  34.839382  55.792591  -9.139133 0.000000
27142  36.088009  55.183949  -8.545741 0.000000
27143  36.513348  54.067352  -9.010786 0.000000
29829  31.353138  49.362865  -0.238732 0.000000
29830  32.255455  49.726517  -0.814214 0.000000
29831  32.523167  50.182468  0.604012 0.000000
29832  33.763145  51.185814  1.440166 0.000000
29833  35.235237  52.034912  1.909421 0.000000
29834  34.793419  51.520149  3.610695 0.000000
29835  35.777596  52.335571  3.132318 0.000000
29836  36.832489  52.730446  2.458693 0.000000
29837  38.374672  52.420555  2.840423 0.000000
29838  39.182869  51.390881  3.049460 0.000000
29839  39.618336  49.876507  3.217936 0.000000
29840  37.410694  41.554348  8.706618 0.000000
29841  37.881592  42.305683  7.930554 0.000000
29842  37.250229  40.883579  7.656466 0.000000
29843  37.365898  40.173107  6.729589 0.000000
29844  37.769665  39.368031  5.824615 0.000000
29846  37.936924  38.096855  5.773887 0.000000
29847  38.398048  38.635719  4.963821 0.000000
29848  39.315300  37.862667  4.222778 0.000000
29849  40.407043  37.197502  3.706509 0.000000
29850  41.795219  36.661526  3.291629 0.000000
29873  28.122900  46.497608  12.726756 0.000000
29874  27.567041  46.476048  11.600429 0.000000
29875  27.029675  46.738464  10.434538 0.000000
29876  29.381159  46.277626  9.334200 0.000000
29877  27.876867  46.335274  9.285192 0.000000
29878  26.581858  47.052620  9.376600 0.000000
29879  26.169184  47.543373  8.268994 0.000000
29880  25.701813  48.144764  7.250623 0.000000
29881  25.159502  48.913643  6.239276 0.000000
29882  24.522324  49.478569  5.203818 0.000000
29883  25.613953  48.313354  5.051778 0.000000
29884  26.219873  48.109581  3.966988 0.000000
29885  27.089542  48.213676  3.110892 0.000000
29886  29.214863  47.982094  4.305942 0.000000
29887  28.520618  48.297981  3.306565 0.000000
29888  27.994923  48.479198  2.224853 0.000000
29889  29.199173  48.792389  1.388360 0.000000
29890  30.356705  48.998436  0.554669 0.000000
30869  40.024189  50.999573  -5.588866 0.000000
30870  39.878643  51.599049  -6.837632 0.000000
30871  40.714394  50.102047  -6.491182 0.000000
30872  41.468372  49.095325  -7.575044 0.000000
30874  42.412514  46.340797  -7.438409 0.000000
32331  34.717743  49.910454  8.974245 0.000000
32332  35.673748  50.922352  8.666681 0.000000
32333  36.046574  50.841381  9.744337 0.000000
32334  37.613354  50.971516  10.210407 0.000000
32335  38.727703  50.184223  10.516882 0.000000
32336  38.218559  49.454510  12.303476 0.000000
32337  38.757942  49.062386  11.452436 0.000000
32338  38.957119  48.463104  10.476675 0.000000
32339  38.607269  46.640465  10.310039 0.000000
32340  38.318157  44.918411  10.140442 0.000000
32341  38.151684  43.586533  9.987256 0.000000
32343  39.073002  45.947906  15.184352 0.000000
32344  39.203098  45.089298  13.910452 0.000000
32346  39.209999  43.627136  13.697371 0.000000
32347  39.024723  44.192448  12.906128 0.000000
32348  38.489155  43.495682  11.826063 0.000000
32349  38.041565  42.889561  10.832728 0.000000
32350  37.698433  42.260796  9.794284 0.000000
32351  37.084923  41.003891  9.625763 0.000000
32380  30.550074  47.077339  13.243544 0.000000
32381  31.503107  47.356709  12.239794 0.000000
32382  32.770275  47.819660  13.776120 0.000000
32383  32.651497  47.802189  12.483036 0.000000
32384  32.526127  47.751137  11.388601 0.000000
32385  33.248085  48.229694  10.557834 0.000000
32386  33.924072  48.953590  9.771098 0.000000
34935  28.432653  56.803185  -8.581968 0.000000
34936  29.418055  57.211933  -9.205142 0.000000
34937  30.065405  56.370262  -8.332950 0.000000
34938  31.511576  56.226635  -8.175491 0.000000
34939  32.865170  55.992188  -7.714478 0.000000
34940  31.755890  53.892689  -6.356403 0.000000
34941  32.941528  54.956615  -6.794938 0.000000
34942  34.154671  55.673248  -7.328982 0.000000
34943  35.436104  55.051720  -6.968586 0.000000
34944  36.694489  54.222679  -6.357267 0.000000
34945  37.979816  53.065819  -5.578489 0.000000
34946  33.227844  49.912186  -1.502719 0.000000
34947  34.107613  50.081043  -2.255919 0.000000
34948  35.037785  50.361561  -3.016583 0.000000
34949  36.893837  51.573833  -1.067024 0.000000
34950  36.424625  50.891895  -2.222399 0.000000
34951  35.969021  50.958672  -3.728262 0.000000
34952  36.976944  51.596214  -4.246562 0.000000
34953  38.029045  51.918377  -4.561631 0.000000
34954  39.098221  51.719501  -5.050470 0.000000
34955  39.843281  50.349983  -4.516906 0.000000
34956  39.950157  48.854485  -4.401016 0.000000
34957  39.967278  47.238091  -4.339695 0.000000
34958  39.463799  47.863903  -2.283448 0.000000
34959  39.587475  46.743092  -3.170276 0.000000
34960  40.061043  45.647354  -4.128548 0.000000
34961  40.093082  44.253704  -4.050165 0.000000
34962  39.853333  42.603649  -4.175806 0.000000
34963  39.985065  40.805721  -4.116652 0.000000
34964  36.831303  51.651470  8.205330 0.000000
34965  37.953819  51.932220  7.634499 0.000000
34966  38.943748  51.697258  7.055628 0.000000
34967  39.747375  49.769112  7.966470 0.000000
34968  39.894432  50.458260  7.165612 0.000000
34969  39.662224  50.941250  6.207018 0.000000
34970  40.037144  50.105770  5.238374 0.000000
34971  39.999214  49.053993  4.202209 0.000000
34972  39.633888  47.986088  3.363722 0.000000
34973  38.500969  43.038197  7.027755 0.000000
34974  39.136711  43.733212  6.271974 0.000000
34975  39.871502  44.353905  5.607793 0.000000
34976  39.541389  41.761017  4.825462 0.000000
34977  40.093323  43.241402  4.908351 0.000000
34978  40.590450  44.977535  4.887415 0.000000
34979  40.621361  45.605797  4.090727 0.000000
34980  39.875511  46.182022  3.417941 0.000000
34981  39.104584  46.986115  2.593064 0.000000
34982  38.612556  45.988739  1.681886 0.000000
34983  38.359631  44.862251  0.676217 0.000000
34984  38.346245  43.635773  -0.352943 0.000000
34985  39.344707  41.828682  0.556906 0.000000
34986  38.826832  42.091377  -0.398140 0.000000
34987  38.612377  42.544014  -1.342208 0.000000
34988  39.076145  41.357330  -2.268667 0.000000
34989  39.838219  40.290813  -3.073404 0.000000
34990  40.891571  39.339184  -3.706286 0.000000
35080  22.668898  56.239349  -0.105888 0.000000
35081  22.198711  54.890545  -0.955808 0.000000
35082  23.831671  50.049496  4.188769 0.000000
35083  23.450918  50.741684  3.163898 0.000000
35084  23.267838  51.484974  2.128322 0.000000
35085  24.970947  49.564228  0.901161 0.000000
35086  23.956013  50.722015  0.961926 0.000000
35087  23.243048  52.166492  1.132815 0.000000
35088  23.046595  52.711792  -0.045238 0.000000
35089  22.350094  53.147469  -1.036147 0.000000
35090  21.657486  53.656322  -1.934075 0.000000
35091  21.684332  52.681671  -3.221232 0.000000
35092  22.431513  52.245556  -4.570718 0.000000
35093  23.474936  52.391346  -5.769420 0.000000
35094  25.126547  50.625542  -4.809942 0.000000
35095  25.005497  51.891296  -5.768705 0.000000
35096  24.740255  53.058937  -6.695367 0.000000
35097  26.005741  54.281715  -7.466848 0.000000
35098  27.325027  55.801735  -8.066135 0.000000
37639  30.230255  56.776794  -9.950749 0.000000
37640  30.829172  55.650902  -10.504524 0.000000
37642  34.081123  55.290169  -10.057540 0.000000
37648  39.315521  51.915855  -8.024376 0.000000
41205  34.219067  49.800976  7.116855 0.000000
41206  34.652245  50.344032  7.003322 0.000000
41207  34.837269  50.364723  7.609040 0.000000
41215  34.048332  49.260208  8.057558 0.000000
41216  33.491989  48.676552  7.664433 0.000000
41217  33.853935  49.236462  7.365213 0.000000
41218  33.633766  49.210663  6.727801 0.000000
41453  40.615257  40.601391  -5.039721 0.000000
41454  40.963020  41.038853  -5.683420 0.000000
41455  41.162849  40.118309  -5.530900 0.000000
42495  30.577078  49.491951  -2.253386 0.000000
42496  31.017780  49.737980  -2.607177 0.000000
42497  31.313650  49.530510  -1.925573 0.000000
42498  39.425606  49.859188  2.287959 0.000000
42499  39.328674  50.200218  1.723959 0.000000
42500  39.255215  49.379215  1.821792 0.000000
42501  39.105934  48.872955  1.358268 0.000000
42502  39.076935  48.493050  1.932999 0.000000
42503  38.320415  43.659496  9.071261 0.000000
42504  38.531502  44.077290  8.626694 0.000000
42505  38.325996  43.334572  8.576859 0.000000
42506  41.516403  37.433601  2.699108 0.000000
42507  41.148251  38.048939  2.663102 0.000000
42508  41.735508  37.756432  2.369149 0.000000
42509  41.896088  38.046211  2.060834 0.000000
42510  42.339893  37.463776  2.066059 0.000000
42528  24.774496  49.973530  6.912200 0.000000
42529  24.841991  50.355125  7.509559 0.000000
42530  24.548120  50.735939  7.011935 0.000000
42531  24.412159  51.592854  7.122473 0.000000
42532  24.234446  51.131489  6.504503 0.000000
42533  23.857279  51.482704  6.016272 0.000000
42534  24.115572  50.648090  5.903852 0.000000
42535  30.452744  49.160179  -1.114365 0.000000
42536  29.694515  49.060371  -1.300774 0.000000
42537  30.187130  49.293694  -1.768092 0.000000
42538  29.845707  49.480118  -2.416831 0.000000
43238  38.608967  53.248913  -6.323232 0.000000
43239  38.443497  53.677635  -6.985179 0.000000
43240  39.038876  52.923149  -6.689238 0.000000
44895  31.820221  50.107353  2.957195 0.000000
44896  32.254971  50.418991  2.793562 0.000000
44897  32.547211  50.423351  3.255589 0.000000
44898  37.755299  51.952137  5.592307 0.000000
44899  37.409142  52.056751  5.024199 0.000000
44900  38.247826  52.022198  5.296356 0.000000
44901  38.668007  51.938133  4.962409 0.000000
44902  38.934551  51.781841  5.566938 0.000000
44925  30.773624  47.046333  11.570510 0.000000
44926  30.089703  46.747337  11.414017 0.000000
44927  30.578106  46.862164  10.871138 0.000000
44928  29.358074  46.783882  6.576845 0.000000
44929  28.843979  46.535267  7.021468 0.000000
44930  28.532476  46.650345  6.528387 0.000000
44931  27.754009  46.680347  6.514870 0.000000
44932  28.242401  46.896484  6.026443 0.000000
44933  27.930735  47.110039  5.487362 0.000000
44934  28.692926  47.150444  5.581551 0.000000
44935  31.838169  49.664886  3.623366 0.000000
44936  31.145208  49.307640  3.443588 0.000000
44937  31.511566  49.727844  3.216876 0.000000
44938  31.209589  49.776497  2.744493 0.000000
45638  40.678020  47.098469  -5.314552 0.000000
45639  41.104427  47.438274  -5.860963 0.000000
45640  41.151123  46.688694  -5.816183 0.000000
46695  35.834080  49.369476  11.732120 0.000000
46696  36.281780  49.709091  11.454700 0.000000
46697  36.538139  49.548351  12.049541 0.000000
46698  39.083519  46.458031  13.392319 0.000000
46699  38.945923  46.856903  12.915810 0.000000
46700  38.904526  46.034473  12.771866 0.000000
46701  38.700935  45.656353  12.176771 0.000000
46702  38.855480  45.294930  12.598201 0.000000
46735  35.616417  49.039581  12.870857 0.000000
46736  34.984901  48.783802  12.662950 0.000000
46737  35.443016  49.055183  12.207349 0.000000
46738  35.143753  49.161339  11.607217 0.000000
48765  29.351574  53.349720  -6.804123 0.000000
48766  29.951971  53.979481  -7.105109 0.000000
48767  30.005482  53.324371  -6.636556 0.000000
48768  33.992550  51.654671  -4.887053 0.000000
48769  33.829983  52.518536  -5.481448 0.000000
48770  34.506813  52.097816  -5.180443 0.000000
48771  35.087769  52.554974  -5.405107 0.000000
48772  35.221588  51.738869  -4.810159 0.000000
48773  35.567284  52.003304  0.956662 0.000000
48774  35.328388  51.657890  0.407240 0.000000
48775  36.079243  52.161430  0.563691 0.000000
48776  39.414494  51.081825  -1.655511 0.000000
48777  38.924824  51.476875  -1.922401 0.000000
48778  39.283638  51.095695  -2.143986 0.000000
48779  39.061989  51.008213  -2.628255 0.000000
48780  39.501625  50.488098  -2.416658 0.000000
48781  39.669392  49.997063  -2.678450 0.000000
48782  39.684181  49.829155  -2.234809 0.000000
48783  38.716042  45.040081  -1.181442 0.000000
48784  38.880486  45.307781  -1.606058 0.000000
48785  38.781441  44.431190  -1.698920 0.000000
48786  38.895287  43.879890  -2.187243 0.000000
48787  38.683838  43.603230  -1.744723 0.000000
48788  39.189754  50.437714  9.762596 0.000000
48789  39.148720  50.843021  9.326452 0.000000
48790  39.435036  50.097168  9.324488 0.000000
48791  39.951393  46.420036  6.143302 0.000000
48792  40.098587  47.217613  6.295215 0.000000
48793  40.212364  46.719749  5.784884 0.000000
48794  40.414963  47.015438  5.417471 0.000000
48795  40.356728  46.225334  5.302872 0.000000
48796  38.159996  40.322960  5.619250 0.000000
48797  38.306782  41.038654  5.717227 0.000000
48798  38.523758  40.621780  5.356146 0.000000
48799  40.144588  42.028122  2.793599 0.000000
48800  40.317596  42.421368  3.216249 0.000000
48801  40.125202  42.790829  2.783371 0.000000
48802  40.122627  43.500153  2.801316 0.000000
48803  39.814777  43.058891  2.397516 0.000000
48804  39.429024  43.261177  2.064554 0.000000
48805  39.616753  42.627453  1.962777 0.000000
48806  41.717426  39.641983  -0.413674 0.000000
48807  40.842426  40.019127  -0.609557 0.000000
48808  41.301697  39.649277  -0.936223 0.000000
48809  41.023132  39.571438  -1.424421 0.000000
48810  41.927193  39.289589  -1.204741 0.000000
48863  26.038218  47.297894  11.049561 0.000000
48864  25.727285  47.439373  11.591829 0.000000
48865  25.506081  47.756786  11.142122 0.000000
48880  22.451214  53.776623  2.738034 0.000000
48881  22.292627  54.651447  2.703306 0.000000
48882  22.526306  54.117760  2.169868 0.000000
48883  22.673883  54.434887  1.551620 0.000000
48884  22.788050  53.598534  1.668528 0.000000
48885  26.107716  48.509682  2.597405 0.000000
48886  25.421564  48.766796  2.541854 0.000000
48887  25.873072  48.713234  2.059353 0.000000
48888  24.645088  49.600731  -2.122749 0.000000
48889  24.314924  49.782360  -1.461286 0.000000
48890  24.005608  49.989006  -2.078632 0.000000
48891  23.444214  50.464211  -2.014805 0.000000
48892  23.747543  50.228874  -2.641047 0.000000
48893  23.505796  50.500893  -3.157819 0.000000
48894  24.115393  50.081276  -3.251474 0.000000
48895  28.796106  51.987946  -5.920199 0.000000
48896  27.994827  51.894676  -5.923409 0.000000
48897  28.683722  52.568855  -6.369607 0.000000
48898  28.609219  53.248608  -6.812098 0.000000
50993  33.375446  56.430580  -8.561971 0.000000
50994  33.177425  56.473366  -9.123345 0.000000
50995  33.831047  56.304359  -8.996753 0.000000
54495  33.044670  49.827671  4.632099 0.000000
54496  33.536953  50.188953  4.574059 0.000000
54497  33.817657  50.127674  5.048742 0.000000
54498  35.576168  51.084896  6.664683 0.000000
54499  35.358406  50.946457  6.004260 0.000000
54500  36.120617  51.371849  6.418777 0.000000
54501  36.681927  51.611610  6.127495 0.000000
54502  36.858116  51.717957  6.749734 0.000000
54525  32.535786  47.720856  9.716866 0.000000
54526  31.923298  47.283154  9.434401 0.000000
54527  32.370785  47.583965  9.033461 0.000000
54528  32.259380  47.771931  7.129031 0.000000
54529  31.870279  47.426506  7.577928 0.000000
54530  31.632507  47.470276  6.908015 0.000000
54531  30.942780  47.196983  6.759906 0.000000
54532  31.344650  47.542732  6.299212 0.000000
54533  31.031443  47.655945  5.737771 0.000000
54534  31.699642  47.938606  5.903436 0.000000
54535  33.098793  49.320473  5.465501 0.000000
54536  32.433327  48.939667  5.223222 0.000000
54537  32.784721  49.398987  4.891722 0.000000
54538  32.436676  49.450195  4.432828 0.000000
55238  40.744770  44.051739  -4.992890 0.000000
55239  41.104996  44.434395  -5.569820 0.000000
55240  41.087547  43.771423  -5.537887 0.000000
55241  41.727768  42.044842  -6.781926 0.000000
55242  41.761768  42.946877  -6.725085 0.000000
55243  42.172478  42.513691  -7.241856 0.000000
55244  42.714146  42.911713  -7.693369 0.000000
55245  42.669464  42.041550  -7.724612 0.000000
56295  36.798176  49.362675  14.440557 0.000000
56296  37.250130  49.473862  14.146303 0.000000
56297  37.490036  49.351555  14.746748 0.000000
56298  38.654301  48.309093  15.535788 0.000000
56299  38.637287  48.574741  15.079119 0.000000
56300  38.947723  47.895695  15.090784 0.000000
56301  39.135662  47.429161  14.520250 0.000000
56302  39.150677  47.128799  14.904536 0.000000
56335  36.408325  49.171688  15.334221 0.000000
56336  35.661797  48.934464  15.052752 0.000000
56337  36.322983  49.206932  14.822001 0.000000
56338  36.156731  49.201424  14.273743 0.000000
58365  29.511932  51.062492  -4.810261 0.000000
58366  30.098347  51.579681  -5.080432 0.000000
58367  30.223053  51.089745  -4.453395 0.000000
58368  31.901850  50.276505  -3.344487 0.000000
58369  31.657476  50.747307  -3.986926 0.000000
58370  32.398167  50.566654  -3.751263 0.000000
58371  32.880142  50.849220  -4.149789 0.000000
58372  33.132431  50.340046  -3.442910 0.000000
58373  38.473877  52.321495  1.713282 0.000000
58374  38.273178  52.376179  1.064526 0.000000
58375  38.747307  52.041374  1.252714 0.000000
58376  39.468544  50.767345  0.670566 0.000000
58377  39.365917  51.387348  0.457203 0.000000
58378  39.522575  50.944679  0.086362 0.000000
58379  39.571651  51.058064  -0.467627 0.000000
58380  39.615322  50.375122  -0.291092 0.000000
58381  39.549416  49.682304  -0.654046 0.000000
58382  39.444130  49.550171  -0.149038 0.000000
58383  38.784241  47.694283  0.476447 0.000000
58384  38.945454  47.909958  0.034735 0.000000
58385  38.667927  47.058128  0.107050 0.000000
58386  38.609810  46.390778  -0.255019 0.000000
58387  38.420292  46.127735  0.210099 0.000000
58388  38.806152  46.792458  9.371747 0.000000
58389  39.044624  47.331627  8.965548 0.000000
58390  38.898556  46.428322  8.913784 0.000000
58391  39.056728  44.905537  7.838665 0.000000
58392  39.191544  45.724529  8.009938 0.000000
58393  39.312416  45.317730  7.484942 0.000000
58394  39.567337  45.695332  7.068513 0.000000
58395  39.379913  44.923931  6.931930 0.000000
58396  39.364162  38.755219  3.911874 0.000000
58397  39.332962  39.417229  3.994738 0.000000
58398  39.651337  39.012909  3.651470 0.000000
58399  40.637028  39.282124  2.716599 0.000000
58400  40.208046  39.625851  3.094205 0.000000
58401  40.472450  39.867271  2.746868 0.000000
58402  40.349770  40.514942  2.778052 0.000000
58403  40.587208  40.171886  2.375956 0.000000
58404  40.542625  40.522514  1.976472 0.000000
58405  40.924339  39.909180  2.036068 0.000000
58406  42.239677  38.655849  1.459669 0.000000
58407  41.785332  39.288639  1.364181 0.000000
58408  42.354549  38.991264  1.084849 0.000000
58409  42.294609  39.298508  0.584748 0.000000
58410  42.906338  38.729897  0.812549 0.000000
58463  25.672659  48.502438  8.901058 0.000000
58464  25.513700  48.890381  9.527349 0.000000
58465  25.487253  49.243141  9.019330 0.000000
58480  23.158628  52.270214  4.958407 0.000000
58481  22.975670  53.169006  4.975996 0.000000
58482  22.903687  52.665638  4.416380 0.000000
58483  22.702320  53.003960  3.818780 0.000000
58484  22.936359  52.118256  3.808493 0.000000
58485  28.229549  48.629536  0.679076 0.000000
58486  27.436970  48.613655  0.488619 0.000000
58487  27.959522  48.631905  0.052684 0.000000
58488  27.904694  48.926323  -1.730610 0.000000
58489  27.345285  48.747856  -1.247403 0.000000
58490  27.024546  48.924698  -1.884739 0.000000
58491  26.174236  49.057430  -2.034718 0.000000
58492  26.657415  49.136219  -2.520442 0.000000
58493  26.344080  49.369774  -3.148681 0.000000
58494  27.211767  49.314568  -2.989769 0.000000
58495  29.222300  50.147686  -3.764353 0.000000
58496  28.412571  49.945763  -3.898582 0.000000
58497  28.976360  50.471203  -4.342761 0.000000
58498  28.853321  50.870090  -4.903038 0.000000
60593  35.873024  55.534767  -7.620371 0.000000
60594  35.732498  55.619408  -8.251367 0.000000
60595  36.372540  55.205189  -7.967523 0.000000
60596  37.745964  53.862263  -8.216764 0.000000
60597  37.033344  54.290245  -8.520788 0.000000
60598  37.239746  53.686695  -8.713638 0.000000
60599  36.622639  53.377125  -9.109222 0.000000
60600  37.395836  52.981964  -8.909511 0.000000
65565  31.460598  49.492771  0.453371 0.000000
65566  31.963776  49.729820  0.188752 0.000000
65567  32.007832  49.961891  0.872343 0.000000
65568  33.219154  51.002007  2.268638 0.000000
65569  33.182476  50.883102  1.663279 0.000000
65570  33.891457  51.330688  2.002616 0.000000
65571  34.476662  51.601372  1.695903 0.000000
65572  34.686844  51.764771  2.268991 0.000000
65573  34.562187  51.000065  4.279956 0.000000
65574  34.297279  51.039814  3.822756 0.000000
65575  35.062981  51.448608  4.064684 0.000000
65576  36.880196  52.408203  3.926098 0.000000
65577  36.074486  52.260914  3.686612 0.000000
65578  36.636608  52.628906  3.400164 0.000000
65579  36.296291  52.589149  2.824788 0.000000
65580  37.161766  52.735909  3.050820 0.000000
65581  37.710602  52.787689  2.635554 0.000000
65582  37.944744  52.592323  3.244043 0.000000
65583  39.234535  51.497368  4.118058 0.000000
65584  39.033989  51.732868  3.550532 0.000000
65585  39.388622  51.150341  3.590166 0.000000
65586  39.436344  50.718609  3.124073 0.000000
65587  39.636585  50.366238  3.655731 0.000000
65588  37.079170  40.884850  8.629662 0.000000
65589  37.292362  41.189449  8.174749 0.000000
65590  37.035946  40.560883  8.108137 0.000000
65591  37.094471  39.153416  7.172783 0.000000
65592  37.153694  39.853767  7.158236 0.000000
65593  37.316906  39.467144  6.695980 0.000000
65594  37.576008  39.768871  6.275561 0.000000
65595  37.530140  39.081749  6.217154 0.000000
65601  38.326473  37.748207  5.379434 0.000000
65602  38.140591  38.374882  5.303943 0.000000
65603  38.568916  38.012886  4.953208 0.000000
65604  38.793667  38.262459  4.562085 0.000000
65605  39.055588  37.635490  4.589964 0.000000
65606  40.692097  36.536705  4.366554 0.000000
65607  40.219463  36.992138  4.102949 0.000000
65608  40.881516  36.758839  3.910178 0.000000
65609  41.094490  36.925621  3.499989 0.000000
65610  41.602699  36.493023  3.757294 0.000000
65655  29.041021  46.714561  13.439848 0.000000
65656  28.365484  46.571312  13.290248 0.000000
65657  28.788092  46.574661  12.858656 0.000000
65658  28.755096  46.422325  11.163289 0.000000
65659  28.279423  46.398445  11.684146 0.000000
65660  27.976013  46.412754  11.069371 0.000000
65661  27.281824  46.602070  11.010201 0.000000
65662  27.705557  46.485851  10.462468 0.000000
65663  30.534000  46.630772  8.990042 0.000000
65664  30.077911  46.454109  9.438970 0.000000
65665  29.773663  46.380543  8.819930 0.000000
65666  27.939337  46.344677  8.156965 0.000000
65667  28.266239  46.211697  8.708736 0.000000
65668  27.590511  46.407040  8.724200 0.000000
65669  27.196453  46.623138  9.342369 0.000000
65670  26.968943  46.789314  8.767733 0.000000
65671  26.410755  47.273335  8.824580 0.000000
65672  26.637568  47.028954  8.234114 0.000000
65673  26.408243  47.370850  6.544993 0.000000
65674  26.128201  47.531990  7.130836 0.000000
65675  25.877918  47.870628  6.638393 0.000000
65676  25.430044  48.507866  6.762177 0.000000
65677  25.617817  48.253685  6.135427 0.000000
65678  25.364874  48.544113  5.635272 0.000000
65679  25.909632  48.058010  5.553802 0.000000
65680  27.261877  47.601223  4.494197 0.000000
65681  26.558758  47.813602  4.494027 0.000000
65682  26.955328  47.843666  4.002304 0.000000
65683  26.645901  48.135887  3.546933 0.000000
65684  27.357502  48.029747  3.605465 0.000000
65685  30.361425  48.059158  4.833147 0.000000
65686  29.579992  47.847778  4.772672 0.000000
65687  29.955536  48.242420  4.368788 0.000000
65688  29.652563  48.824070  3.059989 0.000000
65689  29.181889  48.468361  3.397628 0.000000
65690  28.929310  48.590919  2.903578 0.000000
65691  28.272821  48.392738  2.787233 0.000000
65692  28.730124  48.643265  2.371728 0.000000
65693  28.593576  48.604252  1.799294 0.000000
65694  29.298168  48.860851  1.963150 0.000000
65695  30.936352  49.483196  1.510116 0.000000
65696  30.377691  49.135353  1.178603 0.000000
65697  30.929646  49.316925  0.871123 0.000000
65698  30.856634  49.187855  0.182072 0.000000
67793  40.287025  50.239391  -5.429790 0.000000
67794  40.377167  50.594425  -6.033376 0.000000
67795  40.649727  49.816010  -5.887918 0.000000
67796  41.770432  48.183964  -6.931077 0.000000
67797  41.483192  48.858303  -6.954537 0.000000
67798  41.866844  48.513660  -7.483903 0.000000
67799  41.831394  48.612221  -8.161035 0.000000
67800  42.266808  48.033009  -8.122496 0.000000
67801  41.971642  45.151756  -6.729199 0.000000
67802  42.018154  45.942867  -6.813428 0.000000
67803  42.405090  45.531387  -7.386170 0.000000
70965  34.874058  49.898247  9.568590 0.000000
70966  35.335312  50.443611  9.401656 0.000000
70967  35.504169  50.384918  9.938839 0.000000
70968  37.251244  50.360687  10.943394 0.000000
70969  37.033897  50.733021  10.457357 0.000000
70970  37.712551  50.551804  10.687307 0.000000
70971  38.245804  50.693810  10.393094 0.000000
70972  38.287056  50.206139  10.855590 0.000000
70973  38.062061  49.291721  13.359972 0.000000
70974  37.849731  49.543953  12.673532 0.000000
70975  38.361496  49.079376  12.892950 0.000000
70976  38.837822  47.650990  11.878428 0.000000
70977  38.794201  48.530502  11.936979 0.000000
70978  38.843937  48.175835  11.431859 0.000000
70979  38.893120  48.767696  10.974072 0.000000
70980  38.864170  47.813992  10.915777 0.000000
70981  38.807564  47.560604  10.391645 0.000000
70982  38.663048  47.027496  10.863482 0.000000
70983  38.358704  44.925293  11.079512 0.000000
70984  38.338310  45.279602  10.648860 0.000000
70985  38.225426  44.566963  10.576510 0.000000
70986  38.229698  44.248787  10.019925 0.000000
70987  38.131596  43.902412  10.497705 0.000000
70991  39.086979  44.884499  15.385473 0.000000
70992  39.024567  45.600716  15.577410 0.000000
70993  39.124393  45.214729  14.970914 0.000000
70994  39.148136  45.544594  14.559825 0.000000
70995  39.196587  44.805901  14.371826 0.000000
71001  39.051483  43.234795  13.203990 0.000000
71002  39.135067  43.914452  13.282056 0.000000
71003  38.995247  43.524982  12.766844 0.000000
71004  38.759930  43.860466  12.334285 0.000000
71005  38.693340  43.159100  12.269370 0.000000
71006  37.908043  41.949776  11.232043 0.000000
71007  38.114162  42.515255  11.262497 0.000000
71008  37.853161  42.254242  10.775834 0.000000
71009  37.870564  42.589870  10.334427 0.000000
71010  37.594040  41.977486  10.283509 0.000000
71011  37.393929  41.630821  9.685735 0.000000
71012  37.308971  41.358742  10.157994 0.000000
71080  31.192486  47.289009  13.953623 0.000000
71081  30.691656  47.116829  13.832479 0.000000
71082  31.123022  47.267132  13.357279 0.000000
71083  31.012506  47.230404  12.732840 0.000000
71084  31.582850  47.410480  12.825884 0.000000
71085  33.478378  48.043049  14.407247 0.000000
71086  32.836510  47.824665  14.286278 0.000000
71087  33.393097  48.044937  13.934845 0.000000
71088  33.751015  48.195057  12.265065 0.000000
71089  33.220264  48.011051  12.664302 0.000000
71090  33.187332  47.984238  12.073400 0.000000
71091  32.616524  47.761925  11.935378 0.000000
71092  33.065403  47.967083  11.518262 0.000000
71093  32.883240  47.967049  10.942415 0.000000
71094  33.376396  48.201641  11.087455 0.000000
71095  34.717606  49.381569  10.461426 0.000000
71096  34.145512  48.999111  10.314971 0.000000
71097  34.510216  49.424019  9.896752 0.000000
71098  34.315289  49.389992  9.350600 0.000000
77175  28.793768  56.170704  -8.164592 0.000000
77176  29.272577  56.551125  -8.430285 0.000000
77177  29.599594  55.983906  -8.055038 0.000000
77178  31.084534  55.217854  -7.513620 0.000000
77179  30.985889  55.797646  -7.907455 0.000000
77180  31.630636  55.726036  -7.737422 0.000000
77181  32.204979  56.111805  -7.964774 0.000000
77182  32.270325  55.623791  -7.490705 0.000000
77183  31.118128  52.658943  -5.687404 0.000000
77184  31.155994  53.351341  -6.111662 0.000000
77185  31.745575  53.242382  -5.927894 0.000000
77186  33.587193  54.116810  -6.312631 0.000000
77187  32.936035  54.334557  -6.425237 0.000000
77188  33.562904  54.790443  -6.648152 0.000000
77189  33.544907  55.371838  -7.039580 0.000000
77190  34.186077  55.146606  -6.868383 0.000000
77191  34.770309  55.413857  -7.114283 0.000000
77192  34.838860  54.821503  -6.703194 0.000000
77193  36.237148  53.284302  -5.698717 0.000000
77194  36.154766  54.007496  -6.193320 0.000000
77195  36.801380  53.544361  -5.829724 0.000000
77196  37.359032  53.718315  -5.955126 0.000000
77197  37.438393  53.023193  -5.432170 0.000000
77198  32.891891  50.071392  -0.401817 0.000000
77199  32.727684  49.802505  -1.135597 0.000000
77200  33.380333  50.182304  -0.722688 0.000000
77201  34.995281  50.700581  -0.980109 0.000000
77202  34.338417  50.273697  -1.419009 0.000000
77203  34.779163  50.306545  -1.805914 0.000000
77204  34.568794  50.223522  -2.644483 0.000000
77205  35.241875  50.474911  -2.177892 0.000000
77206  37.782730  52.145325  -0.248409 0.000000
77207  37.043587  51.946350  -0.463565 0.000000
77208  37.646851  51.907112  -0.906654 0.000000
77209  37.674614  51.281364  -2.408128 0.000000
77210  37.187782  51.242817  -2.070948 0.000000
77211  36.909477  50.982628  -2.633687 0.000000
77212  36.189754  50.804482  -2.958608 0.000000
77213  36.661392  50.950577  -3.323844 0.000000
77214  36.467247  51.303963  -4.022174 0.000000
77215  37.130287  51.192223  -3.612865 0.000000
77216  38.590813  51.124985  -3.660066 0.000000
77217  37.976814  51.465431  -4.032701 0.000000
77218  38.562172  51.458363  -4.211974 0.000000
77219  38.601261  51.881683  -4.745018 0.000000
77220  39.061165  51.322731  -4.455259 0.000000
77221  39.496479  51.056309  -4.801096 0.000000
77222  39.429588  50.687920  -4.220926 0.000000
77223  39.674187  49.047565  -3.408355 0.000000
77224  39.810734  49.294250  -3.915314 0.000000
77225  39.728432  48.529266  -3.864255 0.000000
77226  39.946789  48.047821  -4.403152 0.000000
77227  39.673161  47.779076  -3.879177 0.000000
77228  39.404743  48.364136  -1.316138 0.000000
77229  39.486099  48.442757  -1.908271 0.000000
77230  39.319016  47.685905  -1.697830 0.000000
77231  39.210457  45.722496  -2.605799 0.000000
77232  39.343403  46.494232  -2.615855 0.000000
77233  39.493866  45.944672  -3.124343 0.000000
77234  39.765820  46.191681  -3.669606 0.000000
77235  39.759293  45.434231  -3.605017 0.000000
77236  40.113049  44.965809  -4.081328 0.000000
77237  39.742863  44.726547  -3.564838 0.000000
77238  39.187981  42.805000  -3.221774 0.000000
77239  39.528805  43.118885  -3.677089 0.000000
77240  39.472191  42.281456  -3.743076 0.000000
77241  39.780663  41.704323  -4.216638 0.000000
77242  39.568913  41.407795  -3.724195 0.000000
77243  36.439522  51.305164  9.039717 0.000000
77244  36.225468  51.336353  8.447481 0.000000
77245  37.041481  51.620350  8.806601 0.000000
77246  38.862720  51.466839  8.399252 0.000000
77247  38.190834  51.839806  8.210719 0.000000
77248  38.709206  51.717987  7.868353 0.000000
77249  38.481590  51.920654  7.381171 0.000000
77250  39.170910  51.523998  7.578471 0.000000
77251  39.544579  48.326538  8.228572 0.000000
77252  39.617226  49.267761  8.351187 0.000000
77253  39.721405  48.797638  7.854640 0.000000
77254  40.100269  49.102486  6.568583 0.000000
77255  40.020195  49.652046  7.077221 0.000000
77256  39.998962  49.960712  6.673780 0.000000
77257  39.746700  50.733234  6.703979 0.000000
77258  39.994656  50.252388  6.261346 0.000000
77259  39.897526  50.509731  5.758977 0.000000
77260  40.087406  49.698174  5.731009 0.000000
77261  40.350578  47.682571  4.588885 0.000000
77262  40.207878  48.612923  4.684094 0.000000
77263  40.108685  48.017021  4.198044 0.000000
77264  39.862560  48.512386  3.757860 0.000000
77265  39.906193  47.524452  3.792669 0.000000
77266  37.805683  41.953011  7.357603 0.000000
77267  38.201942  42.685459  7.505557 0.000000
77268  38.151508  42.315674  6.931998 0.000000
77269  38.827106  42.448814  5.708772 0.000000
77270  38.791737  42.952866  6.142335 0.000000
77271  39.140999  43.260307  5.799358 0.000000
77272  39.487251  44.042995  5.921633 0.000000
77273  39.544342  43.530121  5.517513 0.000000
77274  39.496387  40.724205  4.317304 0.000000
77275  39.357704  41.124054  4.725584 0.000000
77276  39.740585  41.359009  4.409878 0.000000
77277  40.604126  43.130497  4.161221 0.000000
77278  40.203102  42.739632  4.553805 0.000000
77279  40.528801  43.624363  4.558166 0.000000
77280  40.428570  44.152100  4.917655 0.000000
77281  40.726360  44.482639  4.531409 0.000000
77282  40.734200  45.291801  4.498469 0.000000
77283  40.846741  44.839760  4.102891 0.000000
77284  39.805687  44.932178  2.956250 0.000000
77285  40.128929  45.408974  3.356860 0.000000
77286  39.627827  45.682487  3.010695 0.000000
77287  39.406906  46.520012  3.076812 0.000000
77288  39.178078  46.063335  2.629539 0.000000
77289  38.804054  46.524200  2.198735 0.000000
77290  38.898247  45.588531  2.193211 0.000000
77291  38.735703  43.692364  1.190351 0.000000
77292  38.548985  44.500122  1.191759 0.000000
77293  38.486668  43.946690  0.695436 0.000000
77294  38.356071  44.246136  0.178998 0.000000
77295  38.468357  43.412071  0.181038 0.000000
77296  40.222500  41.080040  1.000641 0.000000
77297  39.608376  41.655529  1.000689 0.000000
77298  39.889473  41.228905  0.539928 0.000000
77299  39.496769  40.917156  -0.835347 0.000000
77300  39.296700  41.423023  -0.406988 0.000000
77301  39.026501  41.562061  -0.870535 0.000000
77302  38.680092  42.319435  -0.846251 0.000000
77303  38.871742  41.745800  -1.336138 0.000000
77304  38.824211  41.941719  -1.823850 0.000000
77305  39.146412  41.167805  -1.775425 0.000000
77306  40.514751  39.568733  -2.420259 0.000000
77307  39.865608  40.149376  -2.581390 0.000000
77308  40.413143  39.657524  -2.899178 0.000000
77309  40.307381  39.751640  -3.412928 0.000000
77310  40.995697  39.189850  -3.189167 0.000000
77468  27.152294  46.629700  13.119162 0.000000
77470  26.578899  46.837883  13.103247 0.000000
77530  22.835936  55.092297  0.438550 0.000000
77531  22.777203  55.975414  0.409312 0.000000
77532  22.736254  55.315968  -0.079801 0.000000
77533  22.460117  55.536835  -0.520594 0.000000
77534  22.521805  54.650734  -0.525002 0.000000
77535  24.666529  49.095203  4.598657 0.000000
77536  24.146252  49.753864  4.699056 0.000000
77537  24.350342  49.359383  4.108613 0.000000
77538  24.281237  49.709595  2.580314 0.000000
77539  23.904661  49.974091  3.120457 0.000000
77540  23.759378  50.341606  2.622157 0.000000
77541  23.321697  51.089161  2.631978 0.000000
77542  23.661474  50.720989  2.106069 0.000000
77543  25.986319  48.941860  0.328301 0.000000
77544  25.560223  49.145714  0.908108 0.000000
77545  25.344187  49.298561  0.298061 0.000000
77546  23.970549  50.506096  -0.161540 0.000000
77547  24.255239  50.378109  0.317124 0.000000
77548  23.844978  50.973839  0.468903 0.000000
77549  23.565239  51.417583  1.029821 0.000000
77550  23.482508  51.702301  0.500669 0.000000
77551  23.229502  52.476555  0.523725 0.000000
77552  23.239985  51.909203  -0.050341 0.000000
77553  22.531322  51.759102  -1.741375 0.000000
77554  22.553131  52.322327  -1.121153 0.000000
77555  22.203186  52.540009  -1.594751 0.000000
77556  21.989840  53.352131  -1.474810 0.000000
77557  21.882481  52.805603  -2.064731 0.000000
77558  21.586779  53.143177  -2.539508 0.000000
77559  21.924957  52.302345  -2.720560 0.000000
77560  23.179626  51.282604  -4.185564 0.000000
77561  22.541056  51.761860  -4.069333 0.000000
77562  23.072725  51.770641  -4.712265 0.000000
77563  22.929407  52.265675  -5.197726 0.000000
77564  23.622362  51.887348  -5.267176 0.000000
77565  26.011341  49.965828  -4.288146 0.000000
77566  25.244711  50.153217  -4.300543 0.000000
77567  25.911213  50.412182  -4.773176 0.000000
77568  26.404348  52.171345  -6.142034 0.000000
77569  25.726517  51.687050  -5.746833 0.000000
77570  25.637516  52.316143  -6.254421 0.000000
77571  24.888826  52.437035  -6.272344 0.000000
77572  25.509594  52.925209  -6.663886 0.000000
77573  25.343668  53.591370  -7.093645 0.000000
77574  26.184185  53.528557  -7.029260 0.000000
77575  28.366217  54.851685  -7.574003 0.000000
77576  27.547680  54.975422  -7.693836 0.000000
77577  28.192554  55.614326  -7.917240 0.000000
77578  27.923420  56.391369  -8.273763 0.000000
83858  30.320642  56.960278  -9.061872 0.000000
83859  29.895817  57.098988  -9.604929 0.000000
83860  30.743694  56.840504  -9.483080 0.000000
83861  32.319019  55.999825  -10.017336 0.000000
83862  31.397491  56.111073  -10.137680 0.000000
83863  31.740387  55.544533  -10.390175 0.000000
83864  30.984600  54.960045  -10.642400 0.000000
83865  31.894278  54.876740  -10.583006 0.000000
83866  35.085075  55.306477  -9.395680 0.000000
83867  34.501511  55.618061  -9.645528 0.000000
83868  34.633324  55.022667  -9.923492 0.000000
83881  40.185707  51.038490  -7.231854 0.000000
83882  39.641941  51.805439  -7.407968 0.000000
83883  39.860168  51.152573  -7.843364 0.000000
92601  33.721291  49.730331  5.789434 0.000000
92602  34.137829  50.148296  5.659545 0.000000
92603  34.409588  50.208580  6.327970 0.000000
92604  35.081856  50.713444  6.821256 0.000000
92605  35.773182  51.204132  7.259862 0.000000
92619  33.278786  48.410057  8.816965 0.000000
92620  32.721996  47.916801  8.565079 0.000000
92621  33.101036  48.271389  8.095095 0.000000
92622  32.875050  48.158592  7.381988 0.000000
92623  32.671333  48.187935  6.730126 0.000000
92624  32.404163  48.294804  6.133939 0.000000
92625  33.073788  48.720711  6.411947 0.000000
92626  33.367836  49.255310  6.107326 0.000000
93047  40.558678  42.452660  -5.144709 0.000000
93048  40.972115  42.883495  -5.651757 0.000000
93049  40.915730  41.979107  -5.722903 0.000000
93050  41.313042  41.540077  -6.289556 0.000000
93051  41.790241  41.090763  -6.755391 0.000000
93681  37.072392  49.256447  15.536942 0.000000
93682  37.643486  49.262001  15.311731 0.000000
93683  37.687355  49.109062  15.784284 0.000000
93684  38.252831  48.709709  15.901901 0.000000
93685  38.643517  48.029057  15.981232 0.000000
94923  29.985519  50.209244  -3.578267 0.000000
94924  30.419292  50.558296  -3.866534 0.000000
94925  30.722178  50.092007  -3.257391 0.000000
94926  31.476801  50.009247  -2.931372 0.000000
94927  32.254166  49.944099  -2.605489 0.000000
94928  39.158958  51.279388  2.076283 0.000000
94929  39.087299  51.524147  1.464610 0.000000
94930  39.266315  50.933464  1.639312 0.000000
94931  39.361946  50.501045  1.213580 0.000000
94932  39.368416  50.008030  0.793420 0.000000
94933  39.316860  49.372032  0.353855 0.000000
94934  39.170380  49.177193  0.847550 0.000000
94935  38.921566  48.306061  0.908921 0.000000
94936  38.663109  47.394909  1.015993 0.000000
94937  38.543468  45.087860  9.291979 0.000000
94938  38.785995  45.601025  8.887746 0.000000
94939  38.673412  44.830540  8.769917 0.000000
94940  38.809772  44.495407  8.201769 0.000000
94941  38.848698  44.123947  7.682190 0.000000
94942  40.316540  38.061382  3.253852 0.000000
94943  40.071014  38.687500  3.292600 0.000000
94944  40.574265  38.350803  2.968038 0.000000
94945  40.867504  38.696552  2.685340 0.000000
94946  41.103401  38.989037  2.394777 0.000000
94947  41.282150  39.289577  2.080262 0.000000
94948  41.596657  38.658009  2.091024 0.000000
94949  42.083076  38.359982  1.779196 0.000000
94950  42.622398  38.084999  1.511558 0.000000
94982  25.330063  49.197834  7.893826 0.000000
94983  25.367950  49.609314  8.533510 0.000000
94984  25.116842  49.967888  8.001616 0.000000
94985  24.967981  50.776093  8.099952 0.000000
94992  23.675861  52.349590  6.096844 0.000000
94993  23.452078  51.865124  5.496002 0.000000
94994  23.385036  51.342987  4.908658 0.000000
94995  29.420691  48.854546  -0.179761 0.000000
94996  28.520275  48.711708  -0.419539 0.000000
94997  29.104700  48.863274  -0.858321 0.000000
94998  28.797504  49.008343  -1.550675 0.000000
94999  28.469681  49.173771  -2.224337 0.000000
95000  28.103186  49.351601  -2.811624 0.000000
95001  29.017086  49.453491  -2.622577 0.000000
95002  29.519810  49.796684  -3.095601 0.000000
96260  37.246605  54.566277  -7.012444 0.000000
96261  37.099731  54.769310  -7.606192 0.000000
96262  37.755238  54.301685  -7.313553 0.000000
96263  38.152348  53.876251  -7.618225 0.000000
96264  38.467571  53.324516  -7.944968 0.000000
99243  31.473276  49.906147  1.756726 0.000000
99244  32.010059  50.184582  1.529042 0.000000
99245  32.093204  50.309563  2.176105 0.000000
99246  32.774651  50.708412  2.524112 0.000000
99247  33.577240  51.124222  2.812691 0.000000
99248  36.169304  51.645031  4.916250 0.000000
99249  35.871971  51.740551  4.381355 0.000000
99250  36.623482  51.948437  4.711240 0.000000
99251  37.112537  52.233936  4.447628 0.000000
99252  37.661373  52.369865  4.154980 0.000000
99253  38.165611  52.401897  3.828058 0.000000
99254  38.377247  52.158276  4.386974 0.000000
99255  39.043209  51.796612  4.587699 0.000000
99256  39.504345  51.219666  4.659774 0.000000
99258  36.833885  39.935562  8.105631 0.000000
99267  39.375877  37.061832  4.744231 0.000000
99297  29.843561  46.777023  12.544386 0.000000
99298  29.226654  46.583679  12.409506 0.000000
99299  29.671894  46.641171  11.963859 0.000000
99300  29.427441  46.537243  11.284437 0.000000
99301  29.208054  46.435314  10.598295 0.000000
99302  29.958460  46.617287  7.697133 0.000000
99303  29.426779  46.326241  8.176384 0.000000
99304  29.141296  46.442169  7.588310 0.000000
99305  28.363239  46.382820  7.533412 0.000000
99306  27.588512  46.505180  7.593282 0.000000
99307  26.945776  46.828228  7.619378 0.000000
99308  27.275059  46.718670  7.045014 0.000000
99309  27.034220  46.969124  6.514841 0.000000
99310  26.733789  47.271980  5.992621 0.000000
99311  26.494812  47.618935  5.504040 0.000000
99312  27.166012  47.279270  5.487641 0.000000
99313  27.584377  47.361778  4.948956 0.000000
99314  28.017185  47.569641  4.543563 0.000000
99315  31.079947  48.801453  4.136535 0.000000
99316  30.320047  48.600052  3.996479 0.000000
99317  30.692362  48.950397  3.670185 0.000000
99318  30.382214  49.069317  3.243794 0.000000
99319  30.110172  49.162067  2.759565 0.000000
99320  29.947342  49.146946  2.191685 0.000000
99321  30.555347  49.460503  2.470531 0.000000
99322  31.003439  49.655151  2.121126 0.000000
100580  40.496792  48.690144  -5.301508 0.000000
100581  40.868126  49.015121  -5.817824 0.000000
100582  41.036594  48.205784  -5.820145 0.000000
100583  41.476234  47.802708  -6.367515 0.000000
100584  41.893456  47.459045  -6.899661 0.000000
100585  42.815044  44.444798  -7.824895 0.000000
100586  42.822102  45.171955  -7.974359 0.000000
102483  35.306480  49.726303  10.669300 0.000000
102484  35.744049  50.196957  10.431195 0.000000
102485  36.000198  49.993057  10.917017 0.000000
102486  36.749409  50.063847  11.185281 0.000000
102487  37.453293  50.027092  11.475079 0.000000
102488  38.851662  48.043213  13.519907 0.000000
102489  38.730530  48.418892  12.957314 0.000000
102490  38.933067  47.643497  12.878859 0.000000
102491  38.854855  47.244385  12.358937 0.000000
102492  38.760719  46.849602  11.851370 0.000000
102493  38.630508  46.500252  11.319331 0.000000
102494  38.649521  46.067463  11.791128 0.000000
102495  38.526146  45.317524  11.643286 0.000000
102496  38.396893  44.599224  11.502314 0.000000
102507  38.526653  42.515118  12.237641 0.000000
102554  31.708252  47.458912  14.077344 0.000000
102555  34.703560  48.565235  13.719595 0.000000
102556  33.965626  48.254513  13.488375 0.000000
102557  34.513725  48.504189  13.083952 0.000000
102558  34.368080  48.480556  12.465895 0.000000
102559  34.156055  48.546276  11.865008 0.000000
102560  33.959724  48.589340  11.288637 0.000000
102561  34.548687  48.908943  11.452501 0.000000
102562  34.908817  49.283981  11.057381 0.000000
106209  29.164814  54.772724  -7.513637 0.000000
106210  29.764843  55.347816  -7.746226 0.000000
106211  29.839458  54.650372  -7.453456 0.000000
106212  30.507669  54.603729  -7.294987 0.000000
106213  31.166183  54.571754  -7.060350 0.000000
106214  32.534077  52.290539  -5.313700 0.000000
106215  32.387245  53.028893  -5.783936 0.000000
106216  33.095852  52.794304  -5.654583 0.000000
106217  33.701786  53.347816  -5.937598 0.000000
106218  34.289696  53.814404  -6.165648 0.000000
106219  34.908913  54.138348  -6.337126 0.000000
106220  35.012974  53.432739  -5.964873 0.000000
106221  35.672050  52.969612  -5.596780 0.000000
106222  36.257999  52.550697  -5.193176 0.000000
106223  34.137993  51.026653  0.506892 0.000000
106224  34.035931  50.599041  -0.252514 0.000000
106225  34.669750  51.105377  0.145691 0.000000
106226  35.177418  51.160919  -0.228770 0.000000
106227  35.686317  51.157574  -0.699084 0.000000
106228  38.792397  51.851494  -1.069092 0.000000
106229  38.146446  51.861439  -1.333874 0.000000
106230  38.567627  51.780151  -1.721257 0.000000
106231  38.289131  51.531319  -2.161710 0.000000
106232  38.044258  51.264763  -2.653893 0.000000
106233  37.760445  51.152710  -3.210676 0.000000
106234  38.429863  51.232136  -2.876897 0.000000
106235  38.821442  51.022640  -3.121764 0.000000
106236  39.187912  50.680260  -3.372077 0.000000
106237  39.477280  50.393780  -3.684794 0.000000
106238  39.555260  50.178703  -3.132894 0.000000
106239  39.667305  49.585396  -2.983985 0.000000
106240  39.596333  48.871391  -2.933915 0.000000
106241  38.954014  46.766968  -1.141832 0.000000
106242  39.124767  46.903973  -1.593935 0.000000
106243  38.960983  46.099709  -1.579709 0.000000
106244  39.049889  45.525597  -2.074272 0.000000
106245  39.181561  44.969151  -2.583789 0.000000
106246  39.425621  44.465565  -3.078054 0.000000
106247  39.150570  44.183743  -2.617600 0.000000
106248  39.006535  43.345196  -2.673896 0.000000
106249  38.956566  42.461437  -2.741005 0.000000
106250  38.048637  51.405376  9.551935 0.000000
106251  37.833321  51.648354  9.097403 0.000000
106252  38.588947  51.370506  9.230426 0.000000
106253  39.055904  51.179203  8.882840 0.000000
106254  39.391747  50.947838  8.471596 0.000000
106255  39.816822  47.328590  7.283473 0.000000
106256  39.864185  48.297386  7.360197 0.000000
106257  39.979282  47.771465  6.845937 0.000000
106258  40.096733  48.214287  6.430631 0.000000
106259  40.174866  48.492012  6.026412 0.000000
106260  40.188911  48.794437  5.613554 0.000000
106261  40.318047  47.873188  5.494535 0.000000
106262  40.428139  47.357391  4.982047 0.000000
106263  40.414211  46.800911  4.522025 0.000000
106264  37.866337  41.151123  6.400153 0.000000
106265  38.130993  41.886436  6.449009 0.000000
106266  38.187386  41.452263  6.039979 0.000000
106267  38.519356  41.738262  5.708570 0.000000
106268  38.939857  41.962597  5.429757 0.000000
106269  40.131203  41.256493  3.640717 0.000000
106270  40.097240  41.609669  4.069180 0.000000
106271  40.257942  41.989437  3.667796 0.000000
106272  40.473118  42.772808  3.658215 0.000000
106273  40.619747  43.602242  3.676266 0.000000
106274  40.634697  44.392204  3.677571 0.000000
106275  40.418236  43.981392  3.218007 0.000000
106276  39.998386  44.213577  2.871647 0.000000
106277  39.497978  44.446915  2.570931 0.000000
106278  39.022667  44.739113  2.211030 0.000000
106279  39.221687  43.956795  2.160168 0.000000
106280  39.081413  43.459373  1.664760 0.000000
106281  38.971531  42.992104  1.142228 0.000000
106282  40.826004  40.342464  0.223613 0.000000
106283  40.149242  40.779022  0.121899 0.000000
106284  40.439148  40.389973  -0.229847 0.000000
106285  40.106098  40.406799  -0.727573 0.000000
106286  39.825874  40.456703  -1.223089 0.000000
106287  39.636890  40.501366  -1.686140 0.000000
106288  40.254486  39.964081  -1.616410 0.000000
106289  40.750450  39.542046  -1.924550 0.000000
106290  41.304474  39.153603  -2.168167 0.000000
106385  26.571259  46.781635  12.039961 0.000000
106386  26.280100  46.963097  12.595675 0.000000
106387  25.968678  47.134003  12.083640 0.000000
106388  25.439760  47.627548  12.130462 0.000000
106422  22.592237  55.366192  1.501026 0.000000
106423  22.834822  54.781609  0.982334 0.000000
106424  22.938244  54.190300  0.476369 0.000000
106425  25.283403  48.643471  3.511086 0.000000
106426  24.673388  49.080788  3.550200 0.000000
106427  25.045879  48.895760  3.026289 0.000000
106428  24.839890  49.187267  2.543534 0.000000
106429  24.675282  49.506786  2.039494 0.000000
106430  25.333042  49.224495  -0.933904 0.000000
106431  25.005417  49.427338  -0.329952 0.000000
106432  24.673767  49.623215  -0.895362 0.000000
106433  24.105930  50.095291  -0.811327 0.000000
106434  23.635403  50.642643  -0.725396 0.000000
106435  23.244516  51.340843  -0.649513 0.000000
106436  23.258236  50.853237  -1.337986 0.000000
106437  22.950264  51.055977  -1.885201 0.000000
106438  22.654476  51.282269  -2.408132 0.000000
106439  22.398422  51.594566  -2.901635 0.000000
106440  22.945044  51.006126  -3.052982 0.000000
106441  23.355541  50.879463  -3.668259 0.000000
106442  23.853451  50.849922  -4.250211 0.000000
106443  27.378658  50.723351  -5.110281 0.000000
106444  26.633408  50.810143  -5.182573 0.000000
106445  27.298664  51.347023  -5.541730 0.000000
106446  27.175861  52.013206  -5.999571 0.000000
106447  27.100475  52.709236  -6.474357 0.000000
106448  26.999308  53.437431  -6.937108 0.000000
106449  27.813482  53.328064  -6.846475 0.000000
106450  28.498066  54.022461  -7.209969 0.000000
110219  31.863882  56.707886  -8.738501 0.000000
110220  31.569981  56.685383  -9.343541 0.000000
110221  32.385830  56.583496  -9.222486 0.000000
110222  32.817677  56.345253  -9.590172 0.000000
110223  33.166470  55.983513  -9.919937 0.000000
110224  35.228790  53.949566  -9.724965 0.000000
110225  34.674904  54.285683  -10.038031 0.000000
110233  40.729927  49.772530  -8.161718 0.000000
110234  40.062439  50.452702  -8.229482 0.000000
116229  32.501980  49.981335  3.830265 0.000000
116230  32.895363  50.330215  3.701684 0.000000
116231  33.258446  50.218033  4.166105 0.000000
116232  34.066982  50.581944  4.487665 0.000000
116233  34.835457  50.984627  4.742759 0.000000
116234  34.571033  50.505226  5.521592 0.000000
116235  35.092419  50.923313  5.341621 0.000000
116236  35.639393  51.302132  5.115714 0.000000
116237  36.469971  51.557465  5.484923 0.000000
116238  37.281151  51.754108  5.843903 0.000000
116239  38.035091  51.889320  6.197958 0.000000
116271  31.724112  47.376751  10.617848 0.000000
116272  31.067204  46.969826  10.369538 0.000000
116273  31.531839  47.134361  9.905326 0.000000
116274  31.271723  46.899780  9.191233 0.000000
116275  31.019464  46.868614  8.516540 0.000000
116276  32.142536  47.501957  8.308298 0.000000
116277  31.512268  47.167892  8.031038 0.000000
116278  30.794186  46.866234  7.837610 0.000000
116279  30.480829  46.901329  7.231633 0.000000
116280  30.169392  46.977364  6.657635 0.000000
116281  29.791479  47.101639  6.128123 0.000000
116282  29.481770  47.290497  5.667901 0.000000
116283  30.280502  47.476967  5.726909 0.000000
116284  30.701038  47.857388  5.287444 0.000000
116285  31.101048  48.245914  4.886512 0.000000
116286  32.060631  48.447212  5.566624 0.000000
116287  31.754913  48.580605  5.044174 0.000000
116288  31.443806  48.666924  4.570359 0.000000
116289  31.782154  49.101574  4.262641 0.000000
116290  32.155548  49.538578  4.027049 0.000000
117269  40.714485  45.487442  -5.051719 0.000000
117270  41.148296  45.909645  -5.703429 0.000000
117271  41.126247  45.144356  -5.609794 0.000000
117272  41.524117  44.788597  -6.134981 0.000000
117273  41.929180  44.420589  -6.643349 0.000000
117274  41.421432  43.352917  -6.141845 0.000000
117275  41.910515  43.752144  -6.657220 0.000000
117276  42.330605  44.061790  -7.219621 0.000000
117277  42.813576  43.770443  -7.705255 0.000000
118749  36.290611  49.301826  13.059488 0.000000
118750  36.786098  49.488953  12.685904 0.000000
118751  37.009884  49.467094  13.442810 0.000000
118752  37.701618  49.394554  13.767744 0.000000
118753  38.286003  49.028053  13.996378 0.000000
118754  38.131954  49.088848  14.997213 0.000000
118755  38.507641  48.758255  14.566078 0.000000
118756  38.724041  48.437019  14.077047 0.000000
118757  39.028648  47.741001  14.051147 0.000000
118758  39.172211  46.955849  13.939056 0.000000
118759  39.142601  46.151703  13.758970 0.000000
118805  34.162270  48.314289  14.582202 0.000000
118807  34.879738  48.640511  14.818225 0.000000
118808  34.818336  48.638126  14.306900 0.000000
118809  35.477177  48.942116  14.002985 0.000000
118810  35.834618  49.099545  13.569661 0.000000
121647  29.469904  52.126263  -5.867045 0.000000
121648  30.021961  52.707001  -6.132808 0.000000
121649  30.017963  52.128670  -5.642509 0.000000
121650  30.599463  52.155354  -5.368632 0.000000
121651  31.226511  51.972420  -5.141393 0.000000
121652  30.928442  50.915646  -4.198707 0.000000
121653  31.423126  51.307751  -4.560476 0.000000
121654  31.974051  51.786812  -4.954425 0.000000
121655  32.727867  51.547569  -4.777136 0.000000
121656  33.433567  51.237305  -4.559495 0.000000
121657  34.168686  50.932533  -4.212777 0.000000
121658  37.117939  52.558643  1.324899 0.000000
121659  36.840149  52.410210  0.687201 0.000000
121660  37.628002  52.496380  0.881545 0.000000
121661  38.050308  52.333813  0.425636 0.000000
121662  38.519157  52.093342  -0.025831 0.000000
121663  39.090496  51.716835  0.837838 0.000000
121664  39.074650  51.828022  0.212308 0.000000
121665  39.005711  51.903137  -0.397071 0.000000
121666  39.287514  51.574989  -0.756841 0.000000
121667  39.555229  51.127827  -1.080793 0.000000
121668  39.671871  50.451302  -1.379054 0.000000
121669  39.681965  49.792686  -1.714014 0.000000
121670  39.666248  49.760109  -1.170866 0.000000
121671  39.491863  49.018761  -0.978722 0.000000
121672  39.266491  48.248566  -0.832780 0.000000
121673  39.214699  48.732777  -0.042172 0.000000
121674  39.138157  48.141701  -0.377257 0.000000
121675  39.019936  47.445210  -0.748916 0.000000
121676  38.795158  46.587738  -0.712292 0.000000
121677  38.645039  45.699383  -0.699169 0.000000
121678  38.513790  44.804882  -0.740435 0.000000
121679  39.185314  48.696198  9.592497 0.000000
121680  39.428383  49.222012  9.222606 0.000000
121681  39.221481  48.282570  9.083410 0.000000
121682  39.324390  47.868237  8.605594 0.000000
121683  39.464630  47.392159  8.168330 0.000000
121684  39.041832  46.118359  8.505701 0.000000
121685  39.308208  46.550755  8.114525 0.000000
121686  39.586952  46.947285  7.716785 0.000000
121687  39.660461  46.485619  7.170659 0.000000
121688  39.763836  46.066696  6.618018 0.000000
121689  39.913795  45.697468  6.118367 0.000000
121690  38.662987  39.552910  4.701476 0.000000
121691  38.753067  40.225060  4.882993 0.000000
121692  39.024017  39.819576  4.392376 0.000000
121693  39.375496  40.081074  4.148695 0.000000
121694  39.632282  40.326656  3.847791 0.000000
121695  39.955803  39.342155  3.370220 0.000000
121696  39.922771  39.967838  3.460545 0.000000
121697  39.976143  40.592327  3.560239 0.000000
121698  40.215157  40.891243  3.203425 0.000000
121699  40.229488  41.244957  2.815693 0.000000
121700  40.124672  41.610382  2.355747 0.000000
121701  39.932419  41.956940  1.877013 0.000000
121702  40.181759  41.191757  1.920526 0.000000
121703  40.437405  40.837742  1.490694 0.000000
121704  40.772209  40.507954  1.096942 0.000000
121705  41.335060  39.607418  1.695691 0.000000
121706  41.289410  39.917774  1.232861 0.000000
121707  41.115704  40.211205  0.715492 0.000000
121708  41.570274  39.848328  0.379057 0.000000
121709  42.104397  39.546215  0.102152 0.000000
121710  42.606163  39.258690  -0.187643 0.000000
121784  25.808218  47.862907  10.029767 0.000000
121785  25.474312  48.132740  10.631183 0.000000
121786  25.461086  48.493469  10.111459 0.000000
121787  25.200031  49.183311  10.197870 0.000000
121789  25.352097  50.001728  9.129542 0.000000
121812  22.508936  53.887470  3.801041 0.000000
121813  22.548302  53.366596  3.261330 0.000000
121814  22.685366  52.863323  2.708946 0.000000
121815  27.062008  48.548157  1.578576 0.000000
121816  26.349384  48.673859  1.543691 0.000000
121817  26.908972  48.620796  0.964621 0.000000
121818  26.690510  48.714527  0.362954 0.000000
121819  26.426245  48.796429  -0.232359 0.000000
121820  27.645123  48.657803  -0.597756 0.000000
121821  26.822515  48.724743  -0.751193 0.000000
121822  26.050694  48.897327  -0.870078 0.000000
121823  25.713800  49.101337  -1.498899 0.000000
121824  25.369698  49.285931  -2.117573 0.000000
121825  25.061920  49.525505  -2.750156 0.000000
121826  24.817331  49.763092  -3.306936 0.000000
121827  25.560841  49.529858  -3.297695 0.000000
121828  26.122986  49.621536  -3.753170 0.000000
121829  26.850470  49.885445  -4.187201 0.000000
121830  27.771719  49.547379  -3.429382 0.000000
121831  27.623852  49.854187  -4.041624 0.000000
121832  27.496616  50.263943  -4.596123 0.000000
121833  28.133764  50.751385  -4.994661 0.000000
121834  28.887537  51.372974  -5.477682 0.000000
124766  34.633812  56.070210  -8.109607 0.000000
124767  34.469738  56.104176  -8.786021 0.000000
124768  35.108795  55.907696  -8.523174 0.000000
124769  35.451645  55.553375  -8.832249 0.000000
124770  35.693279  54.992744  -9.089696 0.000000
124771  36.771667  54.791328  -8.237354 0.000000
124772  36.357124  54.677715  -8.775266 0.000000
124773  35.842571  54.382668  -9.312468 0.000000
124774  35.868233  53.697590  -9.418413 0.000000
131433  31.144550  49.311001  -0.912264 0.000000
131434  31.604748  49.501347  -1.210275 0.000000
131435  31.845387  49.554623  -0.506510 0.000000
131436  32.408035  49.895973  -0.104304 0.000000
131437  33.026676  50.381763  0.318911 0.000000
131438  32.567310  50.424366  1.270257 0.000000
131439  33.104870  50.687981  0.993205 0.000000
131440  33.633293  50.900681  0.763604 0.000000
131441  34.309612  51.389977  1.108175 0.000000
131442  35.053806  51.833015  1.332522 0.000000
131443  35.779289  52.268150  1.530713 0.000000
131444  33.385818  50.720978  3.525800 0.000000
131445  33.953003  51.147072  3.335415 0.000000
131446  34.491817  51.538734  3.111140 0.000000
131447  35.567955  51.861824  3.900219 0.000000
131448  35.278461  51.938820  3.379782 0.000000
131449  34.956039  51.927589  2.861131 0.000000
131450  35.476952  52.206219  2.502483 0.000000
131451  36.019833  52.440697  2.172893 0.000000
131452  36.578911  52.572357  1.766725 0.000000
131453  37.426228  52.666695  1.980938 0.000000
131454  38.133205  52.520302  2.184001 0.000000
131455  38.653881  52.156227  2.368336 0.000000
131456  38.566006  52.213890  3.428774 0.000000
131457  38.842476  51.942871  2.973446 0.000000
131458  39.050270  51.634468  2.545125 0.000000
131459  39.267082  51.020241  2.625104 0.000000
131460  39.457901  50.294075  2.727511 0.000000
131461  39.508995  49.401356  2.818723 0.000000
131462  37.758049  42.217346  8.856138 0.000000
131463  38.010246  42.572315  8.504529 0.000000
131464  37.632927  41.893017  8.304094 0.000000
131465  37.517860  41.594086  7.761163 0.000000
131466  37.521290  41.230774  7.257809 0.000000
131467  37.044006  40.239388  7.581567 0.000000
131468  37.296349  40.542236  7.178578 0.000000
131469  37.558983  40.849854  6.792432 0.000000
131470  37.692131  40.457203  6.337581 0.000000
131471  37.869286  40.053730  5.909837 0.000000
131472  38.064625  39.641766  5.494706 0.000000
131478  37.596004  38.425625  6.202047 0.000000
131479  37.823326  38.713268  5.758848 0.000000
131480  38.039856  38.991657  5.397298 0.000000
131481  38.340546  39.258869  5.046909 0.000000
131482  38.683914  38.880768  4.612321 0.000000
131483  39.100624  38.492214  4.216060 0.000000
131484  39.568886  38.126167  3.862801 0.000000
131485  39.612919  37.282494  4.321002 0.000000
131486  39.820381  37.503609  3.933130 0.000000
131487  40.073566  37.792149  3.586549 0.000000
131488  40.634998  37.425537  3.333367 0.000000
131489  41.298172  37.145714  3.095721 0.000000
131490  41.974010  36.913773  2.854403 0.000000
131550  27.752777  46.527489  13.177546 0.000000
131551  27.485846  46.509766  12.617140 0.000000
131552  28.547985  46.442253  12.275126 0.000000
131553  27.873077  46.414574  12.166879 0.000000
131554  27.215321  46.536652  12.067636 0.000000
131555  26.891699  46.678402  11.509038 0.000000
131556  26.623606  46.910725  11.006731 0.000000
131557  26.369183  47.151409  10.500248 0.000000
131558  30.373669  46.669895  10.147319 0.000000
131559  29.667181  46.447399  9.999934 0.000000
131560  28.938675  46.305653  9.904699 0.000000
131561  29.029139  46.232567  8.721734 0.000000
131562  28.614227  46.225506  9.284448 0.000000
131563  28.172817  46.265484  9.830849 0.000000
131564  27.452387  46.534199  9.894318 0.000000
131565  26.793116  46.897839  9.926799 0.000000
131566  26.229252  47.348381  9.972731 0.000000
131567  26.136786  47.584633  9.437876 0.000000
131568  25.972748  47.802635  8.877010 0.000000
131569  25.810047  48.141716  8.319196 0.000000
131570  26.381947  47.290550  7.671057 0.000000
131571  25.919643  47.839817  7.726335 0.000000
131572  25.606762  48.487003  7.802189 0.000000
131573  25.345167  48.839787  7.341872 0.000000
131574  25.072508  49.241890  6.833382 0.000000
131575  24.823481  49.642372  6.306726 0.000000
131576  24.475351  49.912903  5.802751 0.000000
131577  24.891722  49.210186  5.715799 0.000000
131578  25.051111  48.825230  5.115157 0.000000
131579  25.255587  48.533138  4.517952 0.000000
131580  26.217106  47.893799  5.025527 0.000000
131581  25.906347  48.152672  4.518381 0.000000
131582  25.560047  48.422253  3.998175 0.000000
131583  25.953287  48.348400  3.520469 0.000000
131584  26.386730  48.326260  3.091316 0.000000
131585  26.836437  48.377518  2.633246 0.000000
131586  29.137379  47.468327  5.171145 0.000000
131587  28.790293  47.665466  4.684186 0.000000
131588  28.451761  47.855106  4.203568 0.000000
131589  29.584217  48.358963  3.899092 0.000000
131590  28.855856  48.131405  3.821302 0.000000
131591  28.094543  48.018490  3.720927 0.000000
131592  27.814728  48.208260  3.209134 0.000000
131593  27.572956  48.341530  2.680606 0.000000
131594  27.266745  48.440025  2.122267 0.000000
131595  27.816555  48.520233  1.662176 0.000000
131596  28.440823  48.630821  1.239136 0.000000
131597  29.116985  48.765690  0.831802 0.000000
131598  29.864038  48.999321  1.532213 0.000000
131599  29.781666  48.899303  0.944219 0.000000
131600  29.651501  48.878868  0.407282 0.000000
131601  30.183308  48.976055  -0.026730 0.000000
131602  30.709015  49.097137  -0.482621 0.000000
134255  39.598797  51.763721  -5.796861 0.000000
134256  39.521706  52.089149  -6.450072 0.000000
134257  40.014938  51.348682  -6.229867 0.000000
134258  40.330410  50.855812  -6.653160 0.000000
134259  40.636143  50.296253  -7.103313 0.000000
134260  41.073723  49.323200  -6.390299 0.000000
134261  41.086365  49.560173  -7.009531 0.000000
134262  41.002174  49.689293  -7.619873 0.000000
134263  41.319500  49.176903  -8.154768 0.000000
134266  41.608391  46.332287  -6.314082 0.000000
134267  42.008892  46.731689  -6.868563 0.000000
134268  42.337360  47.073357  -7.460759 0.000000
134269  42.782845  45.926441  -8.035278 0.000000
134270  42.699131  46.663139  -8.070183 0.000000
134271  42.556194  47.341217  -8.124996 0.000000
138255  34.577351  49.859734  8.360945 0.000000
138256  35.008446  50.408268  8.257568 0.000000
138257  35.178162  50.442837  8.825781 0.000000
138258  35.851208  50.933315  9.236551 0.000000
138259  36.652168  51.283325  9.566133 0.000000
138260  36.183956  50.676868  10.222250 0.000000
138261  36.835934  51.026600  10.003706 0.000000
138262  37.470718  51.308105  9.778487 0.000000
138263  38.165188  51.112587  9.936657 0.000000
138264  38.701813  50.640583  10.063307 0.000000
138265  39.010487  49.941284  10.109759 0.000000
138266  37.227585  49.680641  12.367826 0.000000
138267  37.666180  49.859848  12.030507 0.000000
138268  38.054607  49.795620  11.718973 0.000000
138269  38.617905  48.821823  12.398993 0.000000
138270  38.520645  49.285973  11.883724 0.000000
138271  38.438728  49.794540  11.372937 0.000000
138272  38.698910  49.619884  10.954364 0.000000
138273  38.943432  49.379211  10.528399 0.000000
138274  39.088192  49.088840  10.060888 0.000000
138275  38.985001  48.164848  9.966612 0.000000
138276  38.749111  47.206097  9.842792 0.000000
138277  38.625099  46.226742  9.800671 0.000000
138278  38.459335  46.096504  10.747869 0.000000
138279  38.450348  45.707092  10.224497 0.000000
138280  38.461926  45.364670  9.725709 0.000000
138281  38.354065  44.616913  9.588880 0.000000
138282  38.272709  43.938831  9.498782 0.000000
138283  38.114098  43.259029  9.508451 0.000000
138286  38.863716  47.176117  15.889215 0.000000
138288  38.958679  46.370281  15.759433 0.000000
138289  39.070099  46.766136  15.325724 0.000000
138290  39.140209  46.312286  14.751406 0.000000
138291  39.142315  45.869984  14.130458 0.000000
138292  39.140369  45.373951  13.552027 0.000000
138298  39.239063  44.075954  14.243347 0.000000
138299  39.238716  44.345978  13.788971 0.000000
138300  39.154827  44.631847  13.391409 0.000000
138301  39.080181  44.900944  12.990829 0.000000
138302  38.808510  44.578003  12.447820 0.000000
138303  38.550480  44.235592  11.884882 0.000000
138304  38.299324  43.895821  11.412664 0.000000
138305  38.394951  42.803902  11.760682 0.000000
138306  38.236717  43.189327  11.328026 0.000000
138307  38.156979  43.561054  10.909614 0.000000
138308  38.070965  43.245796  10.400408 0.000000
138309  37.967232  42.911407  9.901872 0.000000
138310  37.855541  42.556068  9.357317 0.000000
138311  37.527733  41.905525  9.185504 0.000000
138312  37.197445  41.269432  9.134622 0.000000
138313  36.919918  40.651703  9.131320 0.000000
138395  29.607136  46.822033  13.602652 0.000000
138397  30.134384  46.954567  13.739845 0.000000
138398  29.972565  46.889099  13.120685 0.000000
138399  30.410328  46.988743  12.636574 0.000000
138400  30.891245  47.133625  12.147425 0.000000
138401  31.384680  47.294159  11.670849 0.000000
138403  32.239479  47.630627  14.208957 0.000000
138404  32.195641  47.615456  13.624693 0.000000
138405  33.284523  48.015945  13.322133 0.000000
138406  32.703144  47.808846  13.145602 0.000000
138407  32.145649  47.594231  12.973406 0.000000
138408  32.105721  47.553024  12.342604 0.000000
138409  32.008705  47.530327  11.796857 0.000000
138410  31.869074  47.522770  11.252501 0.000000
138411  32.335823  47.691273  10.789956 0.000000
138412  32.729279  47.900063  10.370224 0.000000
138413  33.091408  48.175983  9.965828 0.000000
138414  33.784870  48.603127  10.731937 0.000000
138415  33.586174  48.574680  10.184263 0.000000
138416  33.395439  48.510674  9.536161 0.000000
138417  33.765656  48.894341  9.118174 0.000000
138418  34.175011  49.338173  8.727485 0.000000
145829  28.920856  57.025063  -8.876196 0.000000
145830  29.775970  56.788200  -8.725960 0.000000
145831  30.606348  56.598713  -8.642671 0.000000
145832  30.316303  55.868977  -8.002632 0.000000
145833  30.822495  56.245323  -8.267404 0.000000
145834  31.339828  56.523857  -8.529587 0.000000
145835  32.063198  56.444324  -8.400839 0.000000
145836  32.795578  56.310219  -8.244904 0.000000
145837  33.440804  56.188774  -7.999351 0.000000
145838  30.577835  53.290398  -6.378076 0.000000
145839  31.172018  53.931633  -6.597434 0.000000
145840  31.780252  54.494202  -6.837695 0.000000
145841  32.346802  53.781719  -6.168920 0.000000
145842  32.344936  54.463203  -6.550193 0.000000
145843  32.329479  55.056499  -7.022429 0.000000
145844  32.911942  55.523201  -7.226341 0.000000
145845  33.511436  55.854332  -7.496521 0.000000
145846  34.084919  56.012951  -7.811301 0.000000
145847  34.707897  55.786243  -7.607200 0.000000
145848  35.340858  55.497002  -7.399124 0.000000
145849  35.984962  55.135628  -7.174277 0.000000
145850  35.500931  54.405132  -6.516530 0.000000
145851  36.065205  54.653564  -6.708423 0.000000
145852  36.625874  54.672096  -6.863026 0.000000
145853  37.290615  54.219810  -6.500672 0.000000
145854  37.950733  53.563122  -6.128442 0.000000
145855  38.569984  52.838814  -5.798044 0.000000
145856  32.020412  49.655025  -1.535858 0.000000
145857  32.527725  49.776501  -1.887309 0.000000
145858  33.015884  49.835217  -2.287642 0.000000
145859  33.883778  50.216606  -1.064911 0.000000
145860  33.711624  49.962200  -1.872057 0.000000
145861  33.413967  50.016815  -2.671802 0.000000
145862  33.863464  50.187202  -3.090811 0.000000
145863  34.346024  50.370338  -3.482055 0.000000
145864  34.903442  50.730919  -3.819730 0.000000
145865  36.579662  52.013866  0.032457 0.000000
145866  36.378578  51.573753  -0.630399 0.000000
145867  36.142006  51.148811  -1.202073 0.000000
145868  37.455452  51.620308  -1.517015 0.000000
145869  36.650612  51.192177  -1.630972 0.000000
145870  35.924938  50.826393  -1.823304 0.000000
145871  35.715050  50.603756  -2.521648 0.000000
145872  35.540356  50.713173  -3.378171 0.000000
145873  35.408936  51.070152  -4.155123 0.000000
145874  35.831917  51.484047  -4.425053 0.000000
145875  36.326931  51.844933  -4.629714 0.000000
145876  36.859406  52.176819  -4.822248 0.000000
145877  37.561836  51.374977  -3.824449 0.000000
145878  37.445007  51.823997  -4.450699 0.000000
145879  37.482353  52.387581  -4.925860 0.000000
145880  38.051735  52.456825  -5.055021 0.000000
145881  38.621864  52.382915  -5.270030 0.000000
145882  39.129166  52.112938  -5.531514 0.000000
145883  39.566063  51.409496  -5.343976 0.000000
145884  39.945293  50.676228  -5.059257 0.000000
145885  40.112377  49.934105  -4.914737 0.000000
145886  39.712135  50.013165  -4.035450 0.000000
145887  39.964622  49.614151  -4.438282 0.000000
145888  40.180656  49.167168  -4.863825 0.000000
145889  40.228157  48.380283  -4.866323 0.000000
145890  40.284569  47.549633  -4.896331 0.000000
145891  40.318008  46.746246  -4.753340 0.000000
145892  39.608910  49.187191  -2.081320 0.000000
145893  39.556862  48.628456  -2.446063 0.000000
145894  39.587891  48.118729  -2.848431 0.000000
145895  39.326347  47.087887  -2.094246 0.000000
145896  39.506905  47.300735  -2.677508 0.000000
145897  39.588676  47.546009  -3.295724 0.000000
145898  39.743004  46.994087  -3.762553 0.000000
145899  40.010029  46.439995  -4.197144 0.000000
145900  40.358181  45.955303  -4.643265 0.000000
145901  40.406982  45.216225  -4.571651 0.000000
145902  40.441921  44.523365  -4.532632 0.000000
145903  40.407356  43.791626  -4.508746 0.000000
145904  39.704597  43.983910  -3.560878 0.000000
145905  39.993023  43.466476  -4.085269 0.000000
145906  40.265869  42.961376  -4.612772 0.000000
145907  40.165688  42.065266  -4.669844 0.000000
145908  40.207283  41.149780  -4.631510 0.000000
145909  40.443867  40.280876  -4.490178 0.000000
145910  35.488766  50.885509  8.056578 0.000000
145911  36.009396  51.335640  7.844426 0.000000
145912  36.533516  51.626514  7.644636 0.000000
145913  37.601868  51.763847  8.532677 0.000000
145914  37.385864  51.893547  7.934733 0.000000
145915  37.101280  51.851551  7.365495 0.000000
145916  37.652500  51.947601  7.069452 0.000000
145917  38.222603  51.907967  6.805350 0.000000
145918  38.738083  51.852455  6.533782 0.000000
145919  39.547905  49.696636  8.850307 0.000000
145920  39.631969  50.193523  8.447821 0.000000
145921  39.716942  50.666801  8.028760 0.000000
145922  39.911453  49.271149  7.468511 0.000000
145923  39.873798  50.140495  7.563489 0.000000
145924  39.645245  50.897896  7.616823 0.000000
145925  39.529171  51.182098  7.177080 0.000000
145926  39.321751  51.373711  6.663841 0.000000
145927  39.135174  51.540485  6.109666 0.000000
145928  39.510265  51.185261  5.666365 0.000000
145929  39.738197  50.876396  5.217662 0.000000
145930  39.838604  50.473003  4.700812 0.000000
145931  40.186325  49.152458  5.212176 0.000000
145932  40.051998  49.571316  4.715031 0.000000
145933  39.880424  50.011227  4.178278 0.000000
145934  39.792957  49.467239  3.714097 0.000000
145935  39.678261  48.958225  3.280273 0.000000
145936  39.448990  48.421326  2.909163 0.000000
145937  38.253338  43.007011  8.072286 0.000000
145938  38.542469  43.381233  7.603030 0.000000
145939  38.834137  43.750404  7.133862 0.000000
145940  38.446526  42.637283  6.504246 0.000000
145941  38.821930  43.385201  6.634042 0.000000
145942  39.109215  44.142365  6.771433 0.000000
145943  39.411186  44.507935  6.415224 0.000000
145944  39.773170  44.889580  6.051803 0.000000
145945  40.057606  45.235374  5.671078 0.000000
145946  38.942612  40.872257  5.056890 0.000000
145947  39.154041  41.509109  5.114987 0.000000
145948  39.301567  42.157513  5.192816 0.000000
145949  39.919033  42.011597  4.514710 0.000000
145950  39.770294  42.448586  4.895505 0.000000
145951  39.636448  42.959396  5.182386 0.000000
145952  39.957405  43.818501  5.227327 0.000000
145953  40.179279  44.690544  5.246263 0.000000
145954  40.292412  45.492050  5.257643 0.000000
145955  40.576393  45.760109  4.890365 0.000000
145956  40.589912  46.060528  4.499533 0.000000
145957  40.424004  46.337563  4.118393 0.000000
145958  40.509743  45.146374  3.689371 0.000000
145959  40.296242  45.880146  3.752775 0.000000
145960  40.046726  46.635883  3.792488 0.000000
145961  39.684963  47.039371  3.420560 0.000000
145962  39.367935  47.451126  2.986635 0.000000
145963  39.169235  47.958538  2.478051 0.000000
145964  38.874409  47.525463  2.057703 0.000000
145965  38.667248  46.963112  1.600696 0.000000
145966  38.430397  46.381321  1.151193 0.000000
145967  38.688187  45.064724  1.697395 0.000000
145968  38.424721  45.444237  1.191982 0.000000
145969  38.352123  45.809315  0.671064 0.000000
145970  38.315132  45.181248  0.185688 0.000000
145971  38.319454  44.551064  -0.303045 0.000000
145972  38.453075  43.951508  -0.791241 0.000000
145973  39.587776  42.138874  1.464188 0.000000
145974  39.260635  42.315216  1.029493 0.000000
145975  38.931931  42.467762  0.613758 0.000000
145976  39.558090  41.332775  0.067897 0.000000
145977  39.057869  41.937183  0.088184 0.000000
145978  38.686840  42.649117  0.153935 0.000000
145979  38.480362  42.870422  -0.302084 0.000000
145980  38.495289  43.120533  -0.821563 0.000000
145981  38.552330  43.397331  -1.287250 0.000000
145982  38.677723  42.768597  -1.799508 0.000000
145983  38.821716  42.167133  -2.304309 0.000000
145984  39.075314  41.573692  -2.758454 0.000000
145985  39.508789  40.648281  -2.180393 0.000000
145986  39.389336  40.808971  -2.688874 0.000000
145987  39.431267  41.052990  -3.206033 0.000000
145988  39.846119  40.498138  -3.605947 0.000000
145989  40.357689  39.994175  -3.929933 0.000000
145990  40.886147  39.503197  -4.279353 0.000000
146184  26.027924  47.127766  13.116692 0.000000
146190  25.148132  48.377083  11.193583 0.000000
146262  24.079727  50.162510  5.295652 0.000000
146263  23.700109  50.489979  4.788953 0.000000
146264  23.438118  50.856998  4.286876 0.000000
146265  24.100330  49.660473  3.613755 0.000000
146266  23.586195  50.386234  3.675227 0.000000
146267  23.203602  51.248669  3.756863 0.000000
146268  23.082676  51.585632  3.202750 0.000000
146269  22.975668  51.960407  2.662199 0.000000
146270  22.923782  52.371559  2.170812 0.000000
146271  25.686960  48.887062  1.505222 0.000000
146272  25.109838  49.356163  1.510370 0.000000
146273  24.559534  49.831734  1.519981 0.000000
146274  24.761019  49.795155  0.286388 0.000000
146275  24.415531  50.092548  0.904706 0.000000
146276  24.045147  50.384087  1.538789 0.000000
146277  23.604038  51.083885  1.538269 0.000000
146278  23.247423  51.862049  1.622877 0.000000
146279  22.980759  52.720734  1.673755 0.000000
146280  23.113491  53.061928  1.131508 0.000000
146281  23.065472  53.315987  0.521974 0.000000
146282  22.907211  53.572132  -0.041237 0.000000
146283  22.944859  52.129333  -0.603536 0.000000
146284  22.721767  52.955006  -0.574400 0.000000
146285  22.542641  53.793629  -0.534348 0.000000
146286  22.221613  54.003929  -0.982647 0.000000
146287  21.863167  54.277790  -1.397842 0.000000
146292  22.140459  51.925102  -3.406433 0.000000
146293  21.965994  52.323475  -3.927348 0.000000
146298  24.651157  50.009583  -3.777149 0.000000
146299  24.533360  50.442055  -4.276056 0.000000
146300  24.409618  50.933823  -4.790315 0.000000
146301  25.829884  51.023335  -5.245781 0.000000
146302  25.065302  51.270012  -5.274891 0.000000
146303  24.363884  51.552929  -5.273693 0.000000
146304  24.254019  52.132751  -5.775031 0.000000
146305  24.141632  52.655029  -6.262229 0.000000
146310  26.862640  54.218941  -7.389317 0.000000
146311  26.712139  55.070129  -7.766034 0.000000
153880  31.063808  56.542236  -9.839500 0.000000
153881  30.494061  56.300758  -10.247297 0.000000
153886  34.214382  56.039314  -9.356438 0.000000
153887  33.885719  55.887287  -9.817179 0.000000
153888  33.419647  55.390099  -10.214650 0.000000
153889  34.143051  54.560127  -10.284146 0.000000
153890  33.548344  54.715656  -10.439850 0.000000
153891  32.770882  54.800713  -10.540091 0.000000
153904  39.367485  52.403595  -7.058693 0.000000
153905  39.113491  52.635109  -7.686322 0.000000
153906  38.743053  52.678333  -8.234018 0.000000
153907  39.451061  51.196590  -8.325496 0.000000
153908  38.844379  51.952293  -8.485886 0.000000
153909  38.150112  52.521954  -8.704305 0.000000
